1000000000 1000000000 4024
500002012 499997989
500002012 499997990
500002012 499997991
500002012 499997992
500002012 499997993
500002012 499997994
500002012 499997995
500002012 499997996
500002012 499997997
500002012 499997998
500002012 499997999
500002012 499998000
500002012 499998001
500002012 499998002
500002012 499998003
500002012 499998004
500002012 499998005
500002012 499998006
500002012 499998007
500002012 499998008
500002012 499998009
500002012 499998010
500002012 499998011
500002012 499998012
500002012 499998013
500002012 499998014
500002012 499998015
500002012 499998016
500002012 499998017
500002012 499998018
500002012 499998019
500002012 499998020
500002012 499998021
500002012 499998022
500002012 499998023
500002012 499998024
500002012 499998025
500002012 499998026
500002012 499998027
500002012 499998028
500002012 499998029
500002012 499998030
500002012 499998031
500002012 499998032
500002012 499998033
500002012 499998034
500002012 499998035
500002012 499998036
500002012 499998037
500002012 499998038
500002012 499998039
500002012 499998040
500002012 499998041
500002012 499998042
500002012 499998043
500002012 499998044
500002012 499998045
500002012 499998046
500002012 499998047
500002012 499998048
500002012 499998049
500002012 499998050
500002012 499998051
500002012 499998052
500002012 499998053
500002012 499998054
500002012 499998055
500002012 499998056
500002012 499998057
500002012 499998058
500002012 499998059
500002012 499998060
500002012 499998061
500002012 499998062
500002012 499998063
500002012 499998064
500002012 499998065
500002012 499998066
500002012 499998067
500002012 499998068
500002012 499998069
500002012 499998070
500002012 499998071
500002012 499998072
500002012 499998073
500002012 499998074
500002012 499998075
500002012 499998076
500002012 499998077
500002012 499998078
500002012 499998079
500002012 499998080
500002012 499998081
500002012 499998082
500002012 499998083
500002012 499998084
500002012 499998085
500002012 499998086
500002012 499998087
500002012 499998088
500002012 499998089
500002012 499998090
500002012 499998091
500002012 499998092
500002012 499998093
500002012 499998094
500002012 499998095
500002012 499998096
500002012 499998097
500002012 499998098
500002012 499998099
500002012 499998100
500002012 499998101
500002012 499998102
500002012 499998103
500002012 499998104
500002012 499998105
500002012 499998106
500002012 499998107
500002012 499998108
500002012 499998109
500002012 499998110
500002012 499998111
500002012 499998112
500002012 499998113
500002012 499998114
500002012 499998115
500002012 499998116
500002012 499998117
500002012 499998118
500002012 499998119
500002012 499998120
500002012 499998121
500002012 499998122
500002012 499998123
500002012 499998124
500002012 499998125
500002012 499998126
500002012 499998127
500002012 499998128
500002012 499998129
500002012 499998130
500002012 499998131
500002012 499998132
500002012 499998133
500002012 499998134
500002012 499998135
500002012 499998136
500002012 499998137
500002012 499998138
500002012 499998139
500002012 499998140
500002012 499998141
500002012 499998142
500002012 499998143
500002012 499998144
500002012 499998145
500002012 499998146
500002012 499998147
500002012 499998148
500002012 499998149
500002012 499998150
500002012 499998151
500002012 499998152
500002012 499998153
500002012 499998154
500002012 499998155
500002012 499998156
500002012 499998157
500002012 499998158
500002012 499998159
500002012 499998160
500002012 499998161
500002012 499998162
500002012 499998163
500002012 499998164
500002012 499998165
500002012 499998166
500002012 499998167
500002012 499998168
500002012 499998169
500002012 499998170
500002012 499998171
500002012 499998172
500002012 499998173
500002012 499998174
500002012 499998175
500002012 499998176
500002012 499998177
500002012 499998178
500002012 499998179
500002012 499998180
500002012 499998181
500002012 499998182
500002012 499998183
500002012 499998184
500002012 499998185
500002012 499998186
500002012 499998187
500002012 499998188
500002012 499998189
500002012 499998190
500002012 499998191
500002012 499998192
500002012 499998193
500002012 499998194
500002012 499998195
500002012 499998196
500002012 499998197
500002012 499998198
500002012 499998199
500002012 499998200
500002012 499998201
500002012 499998202
500002012 499998203
500002012 499998204
500002012 499998205
500002012 499998206
500002012 499998207
500002012 499998208
500002012 499998209
500002012 499998210
500002012 499998211
500002012 499998212
500002012 499998213
500002012 499998214
500002012 499998215
500002012 499998216
500002012 499998217
500002012 499998218
500002012 499998219
500002012 499998220
500002012 499998221
500002012 499998222
500002012 499998223
500002012 499998224
500002012 499998225
500002012 499998226
500002012 499998227
500002012 499998228
500002012 499998229
500002012 499998230
500002012 499998231
500002012 499998232
500002012 499998233
500002012 499998234
500002012 499998235
500002012 499998236
500002012 499998237
500002012 499998238
500002012 499998239
500002012 499998240
500002012 499998241
500002012 499998242
500002012 499998243
500002012 499998244
500002012 499998245
500002012 499998246
500002012 499998247
500002012 499998248
500002012 499998249
500002012 499998250
500002012 499998251
500002012 499998252
500002012 499998253
500002012 499998254
500002012 499998255
500002012 499998256
500002012 499998257
500002012 499998258
500002012 499998259
500002012 499998260
500002012 499998261
500002012 499998262
500002012 499998263
500002012 499998264
500002012 499998265
500002012 499998266
500002012 499998267
500002012 499998268
500002012 499998269
500002012 499998270
500002012 499998271
500002012 499998272
500002012 499998273
500002012 499998274
500002012 499998275
500002012 499998276
500002012 499998277
500002012 499998278
500002012 499998279
500002012 499998280
500002012 499998281
500002012 499998282
500002012 499998283
500002012 499998284
500002012 499998285
500002012 499998286
500002012 499998287
500002012 499998288
500002012 499998289
500002012 499998290
500002012 499998291
500002012 499998292
500002012 499998293
500002012 499998294
500002012 499998295
500002012 499998296
500002012 499998297
500002012 499998298
500002012 499998299
500002012 499998300
500002012 499998301
500002012 499998302
500002012 499998303
500002012 499998304
500002012 499998305
500002012 499998306
500002012 499998307
500002012 499998308
500002012 499998309
500002012 499998310
500002012 499998311
500002012 499998312
500002012 499998313
500002012 499998314
500002012 499998315
500002012 499998316
500002012 499998317
500002012 499998318
500002012 499998319
500002012 499998320
500002012 499998321
500002012 499998322
500002012 499998323
500002012 499998324
500002012 499998325
500002012 499998326
500002012 499998327
500002012 499998328
500002012 499998329
500002012 499998330
500002012 499998331
500002012 499998332
500002012 499998333
500002012 499998334
500002012 499998335
500002012 499998336
500002012 499998337
500002012 499998338
500002012 499998339
500002012 499998340
500002012 499998341
500002012 499998342
500002012 499998343
500002012 499998344
500002012 499998345
500002012 499998346
500002012 499998347
500002012 499998348
500002012 499998349
500002012 499998350
500002012 499998351
500002012 499998352
500002012 499998353
500002012 499998354
500002012 499998355
500002012 499998356
500002012 499998357
500002012 499998358
500002012 499998359
500002012 499998360
500002012 499998361
500002012 499998362
500002012 499998363
500002012 499998364
500002012 499998365
500002012 499998366
500002012 499998367
500002012 499998368
500002012 499998369
500002012 499998370
500002012 499998371
500002012 499998372
500002012 499998373
500002012 499998374
500002012 499998375
500002012 499998376
500002012 499998377
500002012 499998378
500002012 499998379
500002012 499998380
500002012 499998381
500002012 499998382
500002012 499998383
500002012 499998384
500002012 499998385
500002012 499998386
500002012 499998387
500002012 499998388
500002012 499998389
500002012 499998390
500002012 499998391
500002012 499998392
500002012 499998393
500002012 499998394
500002012 499998395
500002012 499998396
500002012 499998397
500002012 499998398
500002012 499998399
500002012 499998400
500002012 499998401
500002012 499998402
500002012 499998403
500002012 499998404
500002012 499998405
500002012 499998406
500002012 499998407
500002012 499998408
500002012 499998409
500002012 499998410
500002012 499998411
500002012 499998412
500002012 499998413
500002012 499998414
500002012 499998415
500002012 499998416
500002012 499998417
500002012 499998418
500002012 499998419
500002012 499998420
500002012 499998421
500002012 499998422
500002012 499998423
500002012 499998424
500002012 499998425
500002012 499998426
500002012 499998427
500002012 499998428
500002012 499998429
500002012 499998430
500002012 499998431
500002012 499998432
500002012 499998433
500002012 499998434
500002012 499998435
500002012 499998436
500002012 499998437
500002012 499998438
500002012 499998439
500002012 499998440
500002012 499998441
500002012 499998442
500002012 499998443
500002012 499998444
500002012 499998445
500002012 499998446
500002012 499998447
500002012 499998448
500002012 499998449
500002012 499998450
500002012 499998451
500002012 499998452
500002012 499998453
500002012 499998454
500002012 499998455
500002012 499998456
500002012 499998457
500002012 499998458
500002012 499998459
500002012 499998460
500002012 499998461
500002012 499998462
500002012 499998463
500002012 499998464
500002012 499998465
500002012 499998466
500002012 499998467
500002012 499998468
500002012 499998469
500002012 499998470
500002012 499998471
500002012 499998472
500002012 499998473
500002012 499998474
500002012 499998475
500002012 499998476
500002012 499998477
500002012 499998478
500002012 499998479
500002012 499998480
500002012 499998481
500002012 499998482
500002012 499998483
500002012 499998484
500002012 499998485
500002012 499998486
500002012 499998487
500002012 499998488
500002012 499998489
500002012 499998490
500002012 499998491
500002012 499998492
500002012 499998493
500002012 499998494
500002012 499998495
500002012 499998496
500002012 499998497
500002012 499998498
500002012 499998499
500002012 499998500
500002012 499998501
500002012 499998502
500002012 499998503
500002012 499998504
500002012 499998505
500002012 499998506
500002012 499998507
500002012 499998508
500002012 499998509
500002012 499998510
500002012 499998511
500002012 499998512
500002012 499998513
500002012 499998514
500002012 499998515
500002012 499998516
500002012 499998517
500002012 499998518
500002012 499998519
500002012 499998520
500002012 499998521
500002012 499998522
500002012 499998523
500002012 499998524
500002012 499998525
500002012 499998526
500002012 499998527
500002012 499998528
500002012 499998529
500002012 499998530
500002012 499998531
500002012 499998532
500002012 499998533
500002012 499998534
500002012 499998535
500002012 499998536
500002012 499998537
500002012 499998538
500002012 499998539
500002012 499998540
500002012 499998541
500002012 499998542
500002012 499998543
500002012 499998544
500002012 499998545
500002012 499998546
500002012 499998547
500002012 499998548
500002012 499998549
500002012 499998550
500002012 499998551
500002012 499998552
500002012 499998553
500002012 499998554
500002012 499998555
500002012 499998556
500002012 499998557
500002012 499998558
500002012 499998559
500002012 499998560
500002012 499998561
500002012 499998562
500002012 499998563
500002012 499998564
500002012 499998565
500002012 499998566
500002012 499998567
500002012 499998568
500002012 499998569
500002012 499998570
500002012 499998571
500002012 499998572
500002012 499998573
500002012 499998574
500002012 499998575
500002012 499998576
500002012 499998577
500002012 499998578
500002012 499998579
500002012 499998580
500002012 499998581
500002012 499998582
500002012 499998583
500002012 499998584
500002012 499998585
500002012 499998586
500002012 499998587
500002012 499998588
500002012 499998589
500002012 499998590
500002012 499998591
500002012 499998592
500002012 499998593
500002012 499998594
500002012 499998595
500002012 499998596
500002012 499998597
500002012 499998598
500002012 499998599
500002012 499998600
500002012 499998601
500002012 499998602
500002012 499998603
500002012 499998604
500002012 499998605
500002012 499998606
500002012 499998607
500002012 499998608
500002012 499998609
500002012 499998610
500002012 499998611
500002012 499998612
500002012 499998613
500002012 499998614
500002012 499998615
500002012 499998616
500002012 499998617
500002012 499998618
500002012 499998619
500002012 499998620
500002012 499998621
500002012 499998622
500002012 499998623
500002012 499998624
500002012 499998625
500002012 499998626
500002012 499998627
500002012 499998628
500002012 499998629
500002012 499998630
500002012 499998631
500002012 499998632
500002012 499998633
500002012 499998634
500002012 499998635
500002012 499998636
500002012 499998637
500002012 499998638
500002012 499998639
500002012 499998640
500002012 499998641
500002012 499998642
500002012 499998643
500002012 499998644
500002012 499998645
500002012 499998646
500002012 499998647
500002012 499998648
500002012 499998649
500002012 499998650
500002012 499998651
500002012 499998652
500002012 499998653
500002012 499998654
500002012 499998655
500002012 499998656
500002012 499998657
500002012 499998658
500002012 499998659
500002012 499998660
500002012 499998661
500002012 499998662
500002012 499998663
500002012 499998664
500002012 499998665
500002012 499998666
500002012 499998667
500002012 499998668
500002012 499998669
500002012 499998670
500002012 499998671
500002012 499998672
500002012 499998673
500002012 499998674
500002012 499998675
500002012 499998676
500002012 499998677
500002012 499998678
500002012 499998679
500002012 499998680
500002012 499998681
500002012 499998682
500002012 499998683
500002012 499998684
500002012 499998685
500002012 499998686
500002012 499998687
500002012 499998688
500002012 499998689
500002012 499998690
500002012 499998691
500002012 499998692
500002012 499998693
500002012 499998694
500002012 499998695
500002012 499998696
500002012 499998697
500002012 499998698
500002012 499998699
500002012 499998700
500002012 499998701
500002012 499998702
500002012 499998703
500002012 499998704
500002012 499998705
500002012 499998706
500002012 499998707
500002012 499998708
500002012 499998709
500002012 499998710
500002012 499998711
500002012 499998712
500002012 499998713
500002012 499998714
500002012 499998715
500002012 499998716
500002012 499998717
500002012 499998718
500002012 499998719
500002012 499998720
500002012 499998721
500002012 499998722
500002012 499998723
500002012 499998724
500002012 499998725
500002012 499998726
500002012 499998727
500002012 499998728
500002012 499998729
500002012 499998730
500002012 499998731
500002012 499998732
500002012 499998733
500002012 499998734
500002012 499998735
500002012 499998736
500002012 499998737
500002012 499998738
500002012 499998739
500002012 499998740
500002012 499998741
500002012 499998742
500002012 499998743
500002012 499998744
500002012 499998745
500002012 499998746
500002012 499998747
500002012 499998748
500002012 499998749
500002012 499998750
500002012 499998751
500002012 499998752
500002012 499998753
500002012 499998754
500002012 499998755
500002012 499998756
500002012 499998757
500002012 499998758
500002012 499998759
500002012 499998760
500002012 499998761
500002012 499998762
500002012 499998763
500002012 499998764
500002012 499998765
500002012 499998766
500002012 499998767
500002012 499998768
500002012 499998769
500002012 499998770
500002012 499998771
500002012 499998772
500002012 499998773
500002012 499998774
500002012 499998775
500002012 499998776
500002012 499998777
500002012 499998778
500002012 499998779
500002012 499998780
500002012 499998781
500002012 499998782
500002012 499998783
500002012 499998784
500002012 499998785
500002012 499998786
500002012 499998787
500002012 499998788
500002012 499998789
500002012 499998790
500002012 499998791
500002012 499998792
500002012 499998793
500002012 499998794
500002012 499998795
500002012 499998796
500002012 499998797
500002012 499998798
500002012 499998799
500002012 499998800
500002012 499998801
500002012 499998802
500002012 499998803
500002012 499998804
500002012 499998805
500002012 499998806
500002012 499998807
500002012 499998808
500002012 499998809
500002012 499998810
500002012 499998811
500002012 499998812
500002012 499998813
500002012 499998814
500002012 499998815
500002012 499998816
500002012 499998817
500002012 499998818
500002012 499998819
500002012 499998820
500002012 499998821
500002012 499998822
500002012 499998823
500002012 499998824
500002012 499998825
500002012 499998826
500002012 499998827
500002012 499998828
500002012 499998829
500002012 499998830
500002012 499998831
500002012 499998832
500002012 499998833
500002012 499998834
500002012 499998835
500002012 499998836
500002012 499998837
500002012 499998838
500002012 499998839
500002012 499998840
500002012 499998841
500002012 499998842
500002012 499998843
500002012 499998844
500002012 499998845
500002012 499998846
500002012 499998847
500002012 499998848
500002012 499998849
500002012 499998850
500002012 499998851
500002012 499998852
500002012 499998853
500002012 499998854
500002012 499998855
500002012 499998856
500002012 499998857
500002012 499998858
500002012 499998859
500002012 499998860
500002012 499998861
500002012 499998862
500002012 499998863
500002012 499998864
500002012 499998865
500002012 499998866
500002012 499998867
500002012 499998868
500002012 499998869
500002012 499998870
500002012 499998871
500002012 499998872
500002012 499998873
500002012 499998874
500002012 499998875
500002012 499998876
500002012 499998877
500002012 499998878
500002012 499998879
500002012 499998880
500002012 499998881
500002012 499998882
500002012 499998883
500002012 499998884
500002012 499998885
500002012 499998886
500002012 499998887
500002012 499998888
500002012 499998889
500002012 499998890
500002012 499998891
500002012 499998892
500002012 499998893
500002012 499998894
500002012 499998895
500002012 499998896
500002012 499998897
500002012 499998898
500002012 499998899
500002012 499998900
500002012 499998901
500002012 499998902
500002012 499998903
500002012 499998904
500002012 499998905
500002012 499998906
500002012 499998907
500002012 499998908
500002012 499998909
500002012 499998910
500002012 499998911
500002012 499998912
500002012 499998913
500002012 499998914
500002012 499998915
500002012 499998916
500002012 499998917
500002012 499998918
500002012 499998919
500002012 499998920
500002012 499998921
500002012 499998922
500002012 499998923
500002012 499998924
500002012 499998925
500002012 499998926
500002012 499998927
500002012 499998928
500002012 499998929
500002012 499998930
500002012 499998931
500002012 499998932
500002012 499998933
500002012 499998934
500002012 499998935
500002012 499998936
500002012 499998937
500002012 499998938
500002012 499998939
500002012 499998940
500002012 499998941
500002012 499998942
500002012 499998943
500002012 499998944
500002012 499998945
500002012 499998946
500002012 499998947
500002012 499998948
500002012 499998949
500002012 499998950
500002012 499998951
500002012 499998952
500002012 499998953
500002012 499998954
500002012 499998955
500002012 499998956
500002012 499998957
500002012 499998958
500002012 499998959
500002012 499998960
500002012 499998961
500002012 499998962
500002012 499998963
500002012 499998964
500002012 499998965
500002012 499998966
500002012 499998967
500002012 499998968
500002012 499998969
500002012 499998970
500002012 499998971
500002012 499998972
500002012 499998973
500002012 499998974
500002012 499998975
500002012 499998976
500002012 499998977
500002012 499998978
500002012 499998979
500002012 499998980
500002012 499998981
500002012 499998982
500002012 499998983
500002012 499998984
500002012 499998985
500002012 499998986
500002012 499998987
500002012 499998988
500002012 499998989
500002012 499998990
500002012 499998991
500002012 499998992
500002012 499998993
500002012 499998994
500002012 499998995
500002012 499998996
500002012 499998997
500002012 499998998
500002012 499998999
500002012 499999000
500002012 499999001
500002012 499999002
500002012 499999003
500002012 499999004
500002012 499999005
500002012 499999006
500002012 499999007
500002012 499999008
500002012 499999009
500002012 499999010
500002012 499999011
500002012 499999012
500002012 499999013
500002012 499999014
500002012 499999015
500002012 499999016
500002012 499999017
500002012 499999018
500002012 499999019
500002012 499999020
500002012 499999021
500002012 499999022
500002012 499999023
500002012 499999024
500002012 499999025
500002012 499999026
500002012 499999027
500002012 499999028
500002012 499999029
500002012 499999030
500002012 499999031
500002012 499999032
500002012 499999033
500002012 499999034
500002012 499999035
500002012 499999036
500002012 499999037
500002012 499999038
500002012 499999039
500002012 499999040
500002012 499999041
500002012 499999042
500002012 499999043
500002012 499999044
500002012 499999045
500002012 499999046
500002012 499999047
500002012 499999048
500002012 499999049
500002012 499999050
500002012 499999051
500002012 499999052
500002012 499999053
500002012 499999054
500002012 499999055
500002012 499999056
500002012 499999057
500002012 499999058
500002012 499999059
500002012 499999060
500002012 499999061
500002012 499999062
500002012 499999063
500002012 499999064
500002012 499999065
500002012 499999066
500002012 499999067
500002012 499999068
500002012 499999069
500002012 499999070
500002012 499999071
500002012 499999072
500002012 499999073
500002012 499999074
500002012 499999075
500002012 499999076
500002012 499999077
500002012 499999078
500002012 499999079
500002012 499999080
500002012 499999081
500002012 499999082
500002012 499999083
500002012 499999084
500002012 499999085
500002012 499999086
500002012 499999087
500002012 499999088
500002012 499999089
500002012 499999090
500002012 499999091
500002012 499999092
500002012 499999093
500002012 499999094
500002012 499999095
500002012 499999096
500002012 499999097
500002012 499999098
500002012 499999099
500002012 499999100
500002012 499999101
500002012 499999102
500002012 499999103
500002012 499999104
500002012 499999105
500002012 499999106
500002012 499999107
500002012 499999108
500002012 499999109
500002012 499999110
500002012 499999111
500002012 499999112
500002012 499999113
500002012 499999114
500002012 499999115
500002012 499999116
500002012 499999117
500002012 499999118
500002012 499999119
500002012 499999120
500002012 499999121
500002012 499999122
500002012 499999123
500002012 499999124
500002012 499999125
500002012 499999126
500002012 499999127
500002012 499999128
500002012 499999129
500002012 499999130
500002012 499999131
500002012 499999132
500002012 499999133
500002012 499999134
500002012 499999135
500002012 499999136
500002012 499999137
500002012 499999138
500002012 499999139
500002012 499999140
500002012 499999141
500002012 499999142
500002012 499999143
500002012 499999144
500002012 499999145
500002012 499999146
500002012 499999147
500002012 499999148
500002012 499999149
500002012 499999150
500002012 499999151
500002012 499999152
500002012 499999153
500002012 499999154
500002012 499999155
500002012 499999156
500002012 499999157
500002012 499999158
500002012 499999159
500002012 499999160
500002012 499999161
500002012 499999162
500002012 499999163
500002012 499999164
500002012 499999165
500002012 499999166
500002012 499999167
500002012 499999168
500002012 499999169
500002012 499999170
500002012 499999171
500002012 499999172
500002012 499999173
500002012 499999174
500002012 499999175
500002012 499999176
500002012 499999177
500002012 499999178
500002012 499999179
500002012 499999180
500002012 499999181
500002012 499999182
500002012 499999183
500002012 499999184
500002012 499999185
500002012 499999186
500002012 499999187
500002012 499999188
500002012 499999189
500002012 499999190
500002012 499999191
500002012 499999192
500002012 499999193
500002012 499999194
500002012 499999195
500002012 499999196
500002012 499999197
500002012 499999198
500002012 499999199
500002012 499999200
500002012 499999201
500002012 499999202
500002012 499999203
500002012 499999204
500002012 499999205
500002012 499999206
500002012 499999207
500002012 499999208
500002012 499999209
500002012 499999210
500002012 499999211
500002012 499999212
500002012 499999213
500002012 499999214
500002012 499999215
500002012 499999216
500002012 499999217
500002012 499999218
500002012 499999219
500002012 499999220
500002012 499999221
500002012 499999222
500002012 499999223
500002012 499999224
500002012 499999225
500002012 499999226
500002012 499999227
500002012 499999228
500002012 499999229
500002012 499999230
500002012 499999231
500002012 499999232
500002012 499999233
500002012 499999234
500002012 499999235
500002012 499999236
500002012 499999237
500002012 499999238
500002012 499999239
500002012 499999240
500002012 499999241
500002012 499999242
500002012 499999243
500002012 499999244
500002012 499999245
500002012 499999246
500002012 499999247
500002012 499999248
500002012 499999249
500002012 499999250
500002012 499999251
500002012 499999252
500002012 499999253
500002012 499999254
500002012 499999255
500002012 499999256
500002012 499999257
500002012 499999258
500002012 499999259
500002012 499999260
500002012 499999261
500002012 499999262
500002012 499999263
500002012 499999264
500002012 499999265
500002012 499999266
500002012 499999267
500002012 499999268
500002012 499999269
500002012 499999270
500002012 499999271
500002012 499999272
500002012 499999273
500002012 499999274
500002012 499999275
500002012 499999276
500002012 499999277
500002012 499999278
500002012 499999279
500002012 499999280
500002012 499999281
500002012 499999282
500002012 499999283
500002012 499999284
500002012 499999285
500002012 499999286
500002012 499999287
500002012 499999288
500002012 499999289
500002012 499999290
500002012 499999291
500002012 499999292
500002012 499999293
500002012 499999294
500002012 499999295
500002012 499999296
500002012 499999297
500002012 499999298
500002012 499999299
500002012 499999300
500002012 499999301
500002012 499999302
500002012 499999303
500002012 499999304
500002012 499999305
500002012 499999306
500002012 499999307
500002012 499999308
500002012 499999309
500002012 499999310
500002012 499999311
500002012 499999312
500002012 499999313
500002012 499999314
500002012 499999315
500002012 499999316
500002012 499999317
500002012 499999318
500002012 499999319
500002012 499999320
500002012 499999321
500002012 499999322
500002012 499999323
500002012 499999324
500002012 499999325
500002012 499999326
500002012 499999327
500002012 499999328
500002012 499999329
500002012 499999330
500002012 499999331
500002012 499999332
500002012 499999333
500002012 499999334
500002012 499999335
500002012 499999336
500002012 499999337
500002012 499999338
500002012 499999339
500002012 499999340
500002012 499999341
500002012 499999342
500002012 499999343
500002012 499999344
500002012 499999345
500002012 499999346
500002012 499999347
500002012 499999348
500002012 499999349
500002012 499999350
500002012 499999351
500002012 499999352
500002012 499999353
500002012 499999354
500002012 499999355
500002012 499999356
500002012 499999357
500002012 499999358
500002012 499999359
500002012 499999360
500002012 499999361
500002012 499999362
500002012 499999363
500002012 499999364
500002012 499999365
500002012 499999366
500002012 499999367
500002012 499999368
500002012 499999369
500002012 499999370
500002012 499999371
500002012 499999372
500002012 499999373
500002012 499999374
500002012 499999375
500002012 499999376
500002012 499999377
500002012 499999378
500002012 499999379
500002012 499999380
500002012 499999381
500002012 499999382
500002012 499999383
500002012 499999384
500002012 499999385
500002012 499999386
500002012 499999387
500002012 499999388
500002012 499999389
500002012 499999390
500002012 499999391
500002012 499999392
500002012 499999393
500002012 499999394
500002012 499999395
500002012 499999396
500002012 499999397
500002012 499999398
500002012 499999399
500002012 499999400
500002012 499999401
500002012 499999402
500002012 499999403
500002012 499999404
500002012 499999405
500002012 499999406
500002012 499999407
500002012 499999408
500002012 499999409
500002012 499999410
500002012 499999411
500002012 499999412
500002012 499999413
500002012 499999414
500002012 499999415
500002012 499999416
500002012 499999417
500002012 499999418
500002012 499999419
500002012 499999420
500002012 499999421
500002012 499999422
500002012 499999423
500002012 499999424
500002012 499999425
500002012 499999426
500002012 499999427
500002012 499999428
500002012 499999429
500002012 499999430
500002012 499999431
500002012 499999432
500002012 499999433
500002012 499999434
500002012 499999435
500002012 499999436
500002012 499999437
500002012 499999438
500002012 499999439
500002012 499999440
500002012 499999441
500002012 499999442
500002012 499999443
500002012 499999444
500002012 499999445
500002012 499999446
500002012 499999447
500002012 499999448
500002012 499999449
500002012 499999450
500002012 499999451
500002012 499999452
500002012 499999453
500002012 499999454
500002012 499999455
500002012 499999456
500002012 499999457
500002012 499999458
500002012 499999459
500002012 499999460
500002012 499999461
500002012 499999462
500002012 499999463
500002012 499999464
500002012 499999465
500002012 499999466
500002012 499999467
500002012 499999468
500002012 499999469
500002012 499999470
500002012 499999471
500002012 499999472
500002012 499999473
500002012 499999474
500002012 499999475
500002012 499999476
500002012 499999477
500002012 499999478
500002012 499999479
500002012 499999480
500002012 499999481
500002012 499999482
500002012 499999483
500002012 499999484
500002012 499999485
500002012 499999486
500002012 499999487
500002012 499999488
500002012 499999489
500002012 499999490
500002012 499999491
500002012 499999492
500002012 499999493
500002012 499999494
500002012 499999495
500002012 499999496
500002012 499999497
500002012 499999498
500002012 499999499
500002012 499999500
500002012 499999501
500002012 499999502
500002012 499999503
500002012 499999504
500002012 499999505
500002012 499999506
500002012 499999507
500002012 499999508
500002012 499999509
500002012 499999510
500002012 499999511
500002012 499999512
500002012 499999513
500002012 499999514
500002012 499999515
500002012 499999516
500002012 499999517
500002012 499999518
500002012 499999519
500002012 499999520
500002012 499999521
500002012 499999522
500002012 499999523
500002012 499999524
500002012 499999525
500002012 499999526
500002012 499999527
500002012 499999528
500002012 499999529
500002012 499999530
500002012 499999531
500002012 499999532
500002012 499999533
500002012 499999534
500002012 499999535
500002012 499999536
500002012 499999537
500002012 499999538
500002012 499999539
500002012 499999540
500002012 499999541
500002012 499999542
500002012 499999543
500002012 499999544
500002012 499999545
500002012 499999546
500002012 499999547
500002012 499999548
500002012 499999549
500002012 499999550
500002012 499999551
500002012 499999552
500002012 499999553
500002012 499999554
500002012 499999555
500002012 499999556
500002012 499999557
500002012 499999558
500002012 499999559
500002012 499999560
500002012 499999561
500002012 499999562
500002012 499999563
500002012 499999564
500002012 499999565
500002012 499999566
500002012 499999567
500002012 499999568
500002012 499999569
500002012 499999570
500002012 499999571
500002012 499999572
500002012 499999573
500002012 499999574
500002012 499999575
500002012 499999576
500002012 499999577
500002012 499999578
500002012 499999579
500002012 499999580
500002012 499999581
500002012 499999582
500002012 499999583
500002012 499999584
500002012 499999585
500002012 499999586
500002012 499999587
500002012 499999588
500002012 499999589
500002012 499999590
500002012 499999591
500002012 499999592
500002012 499999593
500002012 499999594
500002012 499999595
500002012 499999596
500002012 499999597
500002012 499999598
500002012 499999599
500002012 499999600
500002012 499999601
500002012 499999602
500002012 499999603
500002012 499999604
500002012 499999605
500002012 499999606
500002012 499999607
500002012 499999608
500002012 499999609
500002012 499999610
500002012 499999611
500002012 499999612
500002012 499999613
500002012 499999614
500002012 499999615
500002012 499999616
500002012 499999617
500002012 499999618
500002012 499999619
500002012 499999620
500002012 499999621
500002012 499999622
500002012 499999623
500002012 499999624
500002012 499999625
500002012 499999626
500002012 499999627
500002012 499999628
500002012 499999629
500002012 499999630
500002012 499999631
500002012 499999632
500002012 499999633
500002012 499999634
500002012 499999635
500002012 499999636
500002012 499999637
500002012 499999638
500002012 499999639
500002012 499999640
500002012 499999641
500002012 499999642
500002012 499999643
500002012 499999644
500002012 499999645
500002012 499999646
500002012 499999647
500002012 499999648
500002012 499999649
500002012 499999650
500002012 499999651
500002012 499999652
500002012 499999653
500002012 499999654
500002012 499999655
500002012 499999656
500002012 499999657
500002012 499999658
500002012 499999659
500002012 499999660
500002012 499999661
500002012 499999662
500002012 499999663
500002012 499999664
500002012 499999665
500002012 499999666
500002012 499999667
500002012 499999668
500002012 499999669
500002012 499999670
500002012 499999671
500002012 499999672
500002012 499999673
500002012 499999674
500002012 499999675
500002012 499999676
500002012 499999677
500002012 499999678
500002012 499999679
500002012 499999680
500002012 499999681
500002012 499999682
500002012 499999683
500002012 499999684
500002012 499999685
500002012 499999686
500002012 499999687
500002012 499999688
500002012 499999689
500002012 499999690
500002012 499999691
500002012 499999692
500002012 499999693
500002012 499999694
500002012 499999695
500002012 499999696
500002012 499999697
500002012 499999698
500002012 499999699
500002012 499999700
500002012 499999701
500002012 499999702
500002012 499999703
500002012 499999704
500002012 499999705
500002012 499999706
500002012 499999707
500002012 499999708
500002012 499999709
500002012 499999710
500002012 499999711
500002012 499999712
500002012 499999713
500002012 499999714
500002012 499999715
500002012 499999716
500002012 499999717
500002012 499999718
500002012 499999719
500002012 499999720
500002012 499999721
500002012 499999722
500002012 499999723
500002012 499999724
500002012 499999725
500002012 499999726
500002012 499999727
500002012 499999728
500002012 499999729
500002012 499999730
500002012 499999731
500002012 499999732
500002012 499999733
500002012 499999734
500002012 499999735
500002012 499999736
500002012 499999737
500002012 499999738
500002012 499999739
500002012 499999740
500002012 499999741
500002012 499999742
500002012 499999743
500002012 499999744
500002012 499999745
500002012 499999746
500002012 499999747
500002012 499999748
500002012 499999749
500002012 499999750
500002012 499999751
500002012 499999752
500002012 499999753
500002012 499999754
500002012 499999755
500002012 499999756
500002012 499999757
500002012 499999758
500002012 499999759
500002012 499999760
500002012 499999761
500002012 499999762
500002012 499999763
500002012 499999764
500002012 499999765
500002012 499999766
500002012 499999767
500002012 499999768
500002012 499999769
500002012 499999770
500002012 499999771
500002012 499999772
500002012 499999773
500002012 499999774
500002012 499999775
500002012 499999776
500002012 499999777
500002012 499999778
500002012 499999779
500002012 499999780
500002012 499999781
500002012 499999782
500002012 499999783
500002012 499999784
500002012 499999785
500002012 499999786
500002012 499999787
500002012 499999788
500002012 499999789
500002012 499999790
500002012 499999791
500002012 499999792
500002012 499999793
500002012 499999794
500002012 499999795
500002012 499999796
500002012 499999797
500002012 499999798
500002012 499999799
500002012 499999800
500002012 499999801
500002012 499999802
500002012 499999803
500002012 499999804
500002012 499999805
500002012 499999806
500002012 499999807
500002012 499999808
500002012 499999809
500002012 499999810
500002012 499999811
500002012 499999812
500002012 499999813
500002012 499999814
500002012 499999815
500002012 499999816
500002012 499999817
500002012 499999818
500002012 499999819
500002012 499999820
500002012 499999821
500002012 499999822
500002012 499999823
500002012 499999824
500002012 499999825
500002012 499999826
500002012 499999827
500002012 499999828
500002012 499999829
500002012 499999830
500002012 499999831
500002012 499999832
500002012 499999833
500002012 499999834
500002012 499999835
500002012 499999836
500002012 499999837
500002012 499999838
500002012 499999839
500002012 499999840
500002012 499999841
500002012 499999842
500002012 499999843
500002012 499999844
500002012 499999845
500002012 499999846
500002012 499999847
500002012 499999848
500002012 499999849
500002012 499999850
500002012 499999851
500002012 499999852
500002012 499999853
500002012 499999854
500002012 499999855
500002012 499999856
500002012 499999857
500002012 499999858
500002012 499999859
500002012 499999860
500002012 499999861
500002012 499999862
500002012 499999863
500002012 499999864
500002012 499999865
500002012 499999866
500002012 499999867
500002012 499999868
500002012 499999869
500002012 499999870
500002012 499999871
500002012 499999872
500002012 499999873
500002012 499999874
500002012 499999875
500002012 499999876
500002012 499999877
500002012 499999878
500002012 499999879
500002012 499999880
500002012 499999881
500002012 499999882
500002012 499999883
500002012 499999884
500002012 499999885
500002012 499999886
500002012 499999887
500002012 499999888
500002012 499999889
500002012 499999890
500002012 499999891
500002012 499999892
500002012 499999893
500002012 499999894
500002012 499999895
500002012 499999896
500002012 499999897
500002012 499999898
500002012 499999899
500002012 499999900
500002012 499999901
500002012 499999902
500002012 499999903
500002012 499999904
500002012 499999905
500002012 499999906
500002012 499999907
500002012 499999908
500002012 499999909
500002012 499999910
500002012 499999911
500002012 499999912
500002012 499999913
500002012 499999914
500002012 499999915
500002012 499999916
500002012 499999917
500002012 499999918
500002012 499999919
500002012 499999920
500002012 499999921
500002012 499999922
500002012 499999923
500002012 499999924
500002012 499999925
500002012 499999926
500002012 499999927
500002012 499999928
500002012 499999929
500002012 499999930
500002012 499999931
500002012 499999932
500002012 499999933
500002012 499999934
500002012 499999935
500002012 499999936
500002012 499999937
500002012 499999938
500002012 499999939
500002012 499999940
500002012 499999941
500002012 499999942
500002012 499999943
500002012 499999944
500002012 499999945
500002012 499999946
500002012 499999947
500002012 499999948
500002012 499999949
500002012 499999950
500002012 499999951
500002012 499999952
500002012 499999953
500002012 499999954
500002012 499999955
500002012 499999956
500002012 499999957
500002012 499999958
500002012 499999959
500002012 499999960
500002012 499999961
500002012 499999962
500002012 499999963
500002012 499999964
500002012 499999965
500002012 499999966
500002012 499999967
500002012 499999968
500002012 499999969
500002012 499999970
500002012 499999971
500002012 499999972
500002012 499999973
500002012 499999974
500002012 499999975
500002012 499999976
500002012 499999977
500002012 499999978
500002012 499999979
500002012 499999980
500002012 499999981
500002012 499999982
500002012 499999983
500002012 499999984
500002012 499999985
500002012 499999986
500002012 499999987
500002012 499999988
500002012 499999989
500002012 499999990
500002012 499999991
500002012 499999992
500002012 499999993
500002012 499999994
500002012 499999995
500002012 499999996
500002012 499999997
500002012 499999998
500002012 499999999
500002012 500000000
500002012 500000001
500002012 500000002
500002012 500000003
500002012 500000004
500002012 500000005
500002012 500000006
500002012 500000007
500002012 500000008
500002012 500000009
500002012 500000010
500002012 500000011
500002012 500000012
500002012 500000013
500002012 500000014
500002012 500000015
500002012 500000016
500002012 500000017
500002012 500000018
500002012 500000019
500002012 500000020
500002012 500000021
500002012 500000022
500002012 500000023
500002012 500000024
500002012 500000025
500002012 500000026
500002012 500000027
500002012 500000028
500002012 500000029
500002012 500000030
500002012 500000031
500002012 500000032
500002012 500000033
500002012 500000034
500002012 500000035
500002012 500000036
500002012 500000037
500002012 500000038
500002012 500000039
500002012 500000040
500002012 500000041
500002012 500000042
500002012 500000043
500002012 500000044
500002012 500000045
500002012 500000046
500002012 500000047
500002012 500000048
500002012 500000049
500002012 500000050
500002012 500000051
500002012 500000052
500002012 500000053
500002012 500000054
500002012 500000055
500002012 500000056
500002012 500000057
500002012 500000058
500002012 500000059
500002012 500000060
500002012 500000061
500002012 500000062
500002012 500000063
500002012 500000064
500002012 500000065
500002012 500000066
500002012 500000067
500002012 500000068
500002012 500000069
500002012 500000070
500002012 500000071
500002012 500000072
500002012 500000073
500002012 500000074
500002012 500000075
500002012 500000076
500002012 500000077
500002012 500000078
500002012 500000079
500002012 500000080
500002012 500000081
500002012 500000082
500002012 500000083
500002012 500000084
500002012 500000085
500002012 500000086
500002012 500000087
500002012 500000088
500002012 500000089
500002012 500000090
500002012 500000091
500002012 500000092
500002012 500000093
500002012 500000094
500002012 500000095
500002012 500000096
500002012 500000097
500002012 500000098
500002012 500000099
500002012 500000100
500002012 500000101
500002012 500000102
500002012 500000103
500002012 500000104
500002012 500000105
500002012 500000106
500002012 500000107
500002012 500000108
500002012 500000109
500002012 500000110
500002012 500000111
500002012 500000112
500002012 500000113
500002012 500000114
500002012 500000115
500002012 500000116
500002012 500000117
500002012 500000118
500002012 500000119
500002012 500000120
500002012 500000121
500002012 500000122
500002012 500000123
500002012 500000124
500002012 500000125
500002012 500000126
500002012 500000127
500002012 500000128
500002012 500000129
500002012 500000130
500002012 500000131
500002012 500000132
500002012 500000133
500002012 500000134
500002012 500000135
500002012 500000136
500002012 500000137
500002012 500000138
500002012 500000139
500002012 500000140
500002012 500000141
500002012 500000142
500002012 500000143
500002012 500000144
500002012 500000145
500002012 500000146
500002012 500000147
500002012 500000148
500002012 500000149
500002012 500000150
500002012 500000151
500002012 500000152
500002012 500000153
500002012 500000154
500002012 500000155
500002012 500000156
500002012 500000157
500002012 500000158
500002012 500000159
500002012 500000160
500002012 500000161
500002012 500000162
500002012 500000163
500002012 500000164
500002012 500000165
500002012 500000166
500002012 500000167
500002012 500000168
500002012 500000169
500002012 500000170
500002012 500000171
500002012 500000172
500002012 500000173
500002012 500000174
500002012 500000175
500002012 500000176
500002012 500000177
500002012 500000178
500002012 500000179
500002012 500000180
500002012 500000181
500002012 500000182
500002012 500000183
500002012 500000184
500002012 500000185
500002012 500000186
500002012 500000187
500002012 500000188
500002012 500000189
500002012 500000190
500002012 500000191
500002012 500000192
500002012 500000193
500002012 500000194
500002012 500000195
500002012 500000196
500002012 500000197
500002012 500000198
500002012 500000199
500002012 500000200
500002012 500000201
500002012 500000202
500002012 500000203
500002012 500000204
500002012 500000205
500002012 500000206
500002012 500000207
500002012 500000208
500002012 500000209
500002012 500000210
500002012 500000211
500002012 500000212
500002012 500000213
500002012 500000214
500002012 500000215
500002012 500000216
500002012 500000217
500002012 500000218
500002012 500000219
500002012 500000220
500002012 500000221
500002012 500000222
500002012 500000223
500002012 500000224
500002012 500000225
500002012 500000226
500002012 500000227
500002012 500000228
500002012 500000229
500002012 500000230
500002012 500000231
500002012 500000232
500002012 500000233
500002012 500000234
500002012 500000235
500002012 500000236
500002012 500000237
500002012 500000238
500002012 500000239
500002012 500000240
500002012 500000241
500002012 500000242
500002012 500000243
500002012 500000244
500002012 500000245
500002012 500000246
500002012 500000247
500002012 500000248
500002012 500000249
500002012 500000250
500002012 500000251
500002012 500000252
500002012 500000253
500002012 500000254
500002012 500000255
500002012 500000256
500002012 500000257
500002012 500000258
500002012 500000259
500002012 500000260
500002012 500000261
500002012 500000262
500002012 500000263
500002012 500000264
500002012 500000265
500002012 500000266
500002012 500000267
500002012 500000268
500002012 500000269
500002012 500000270
500002012 500000271
500002012 500000272
500002012 500000273
500002012 500000274
500002012 500000275
500002012 500000276
500002012 500000277
500002012 500000278
500002012 500000279
500002012 500000280
500002012 500000281
500002012 500000282
500002012 500000283
500002012 500000284
500002012 500000285
500002012 500000286
500002012 500000287
500002012 500000288
500002012 500000289
500002012 500000290
500002012 500000291
500002012 500000292
500002012 500000293
500002012 500000294
500002012 500000295
500002012 500000296
500002012 500000297
500002012 500000298
500002012 500000299
500002012 500000300
500002012 500000301
500002012 500000302
500002012 500000303
500002012 500000304
500002012 500000305
500002012 500000306
500002012 500000307
500002012 500000308
500002012 500000309
500002012 500000310
500002012 500000311
500002012 500000312
500002012 500000313
500002012 500000314
500002012 500000315
500002012 500000316
500002012 500000317
500002012 500000318
500002012 500000319
500002012 500000320
500002012 500000321
500002012 500000322
500002012 500000323
500002012 500000324
500002012 500000325
500002012 500000326
500002012 500000327
500002012 500000328
500002012 500000329
500002012 500000330
500002012 500000331
500002012 500000332
500002012 500000333
500002012 500000334
500002012 500000335
500002012 500000336
500002012 500000337
500002012 500000338
500002012 500000339
500002012 500000340
500002012 500000341
500002012 500000342
500002012 500000343
500002012 500000344
500002012 500000345
500002012 500000346
500002012 500000347
500002012 500000348
500002012 500000349
500002012 500000350
500002012 500000351
500002012 500000352
500002012 500000353
500002012 500000354
500002012 500000355
500002012 500000356
500002012 500000357
500002012 500000358
500002012 500000359
500002012 500000360
500002012 500000361
500002012 500000362
500002012 500000363
500002012 500000364
500002012 500000365
500002012 500000366
500002012 500000367
500002012 500000368
500002012 500000369
500002012 500000370
500002012 500000371
500002012 500000372
500002012 500000373
500002012 500000374
500002012 500000375
500002012 500000376
500002012 500000377
500002012 500000378
500002012 500000379
500002012 500000380
500002012 500000381
500002012 500000382
500002012 500000383
500002012 500000384
500002012 500000385
500002012 500000386
500002012 500000387
500002012 500000388
500002012 500000389
500002012 500000390
500002012 500000391
500002012 500000392
500002012 500000393
500002012 500000394
500002012 500000395
500002012 500000396
500002012 500000397
500002012 500000398
500002012 500000399
500002012 500000400
500002012 500000401
500002012 500000402
500002012 500000403
500002012 500000404
500002012 500000405
500002012 500000406
500002012 500000407
500002012 500000408
500002012 500000409
500002012 500000410
500002012 500000411
500002012 500000412
500002012 500000413
500002012 500000414
500002012 500000415
500002012 500000416
500002012 500000417
500002012 500000418
500002012 500000419
500002012 500000420
500002012 500000421
500002012 500000422
500002012 500000423
500002012 500000424
500002012 500000425
500002012 500000426
500002012 500000427
500002012 500000428
500002012 500000429
500002012 500000430
500002012 500000431
500002012 500000432
500002012 500000433
500002012 500000434
500002012 500000435
500002012 500000436
500002012 500000437
500002012 500000438
500002012 500000439
500002012 500000440
500002012 500000441
500002012 500000442
500002012 500000443
500002012 500000444
500002012 500000445
500002012 500000446
500002012 500000447
500002012 500000448
500002012 500000449
500002012 500000450
500002012 500000451
500002012 500000452
500002012 500000453
500002012 500000454
500002012 500000455
500002012 500000456
500002012 500000457
500002012 500000458
500002012 500000459
500002012 500000460
500002012 500000461
500002012 500000462
500002012 500000463
500002012 500000464
500002012 500000465
500002012 500000466
500002012 500000467
500002012 500000468
500002012 500000469
500002012 500000470
500002012 500000471
500002012 500000472
500002012 500000473
500002012 500000474
500002012 500000475
500002012 500000476
500002012 500000477
500002012 500000478
500002012 500000479
500002012 500000480
500002012 500000481
500002012 500000482
500002012 500000483
500002012 500000484
500002012 500000485
500002012 500000486
500002012 500000487
500002012 500000488
500002012 500000489
500002012 500000490
500002012 500000491
500002012 500000492
500002012 500000493
500002012 500000494
500002012 500000495
500002012 500000496
500002012 500000497
500002012 500000498
500002012 500000499
500002012 500000500
500002012 500000501
500002012 500000502
500002012 500000503
500002012 500000504
500002012 500000505
500002012 500000506
500002012 500000507
500002012 500000508
500002012 500000509
500002012 500000510
500002012 500000511
500002012 500000512
500002012 500000513
500002012 500000514
500002012 500000515
500002012 500000516
500002012 500000517
500002012 500000518
500002012 500000519
500002012 500000520
500002012 500000521
500002012 500000522
500002012 500000523
500002012 500000524
500002012 500000525
500002012 500000526
500002012 500000527
500002012 500000528
500002012 500000529
500002012 500000530
500002012 500000531
500002012 500000532
500002012 500000533
500002012 500000534
500002012 500000535
500002012 500000536
500002012 500000537
500002012 500000538
500002012 500000539
500002012 500000540
500002012 500000541
500002012 500000542
500002012 500000543
500002012 500000544
500002012 500000545
500002012 500000546
500002012 500000547
500002012 500000548
500002012 500000549
500002012 500000550
500002012 500000551
500002012 500000552
500002012 500000553
500002012 500000554
500002012 500000555
500002012 500000556
500002012 500000557
500002012 500000558
500002012 500000559
500002012 500000560
500002012 500000561
500002012 500000562
500002012 500000563
500002012 500000564
500002012 500000565
500002012 500000566
500002012 500000567
500002012 500000568
500002012 500000569
500002012 500000570
500002012 500000571
500002012 500000572
500002012 500000573
500002012 500000574
500002012 500000575
500002012 500000576
500002012 500000577
500002012 500000578
500002012 500000579
500002012 500000580
500002012 500000581
500002012 500000582
500002012 500000583
500002012 500000584
500002012 500000585
500002012 500000586
500002012 500000587
500002012 500000588
500002012 500000589
500002012 500000590
500002012 500000591
500002012 500000592
500002012 500000593
500002012 500000594
500002012 500000595
500002012 500000596
500002012 500000597
500002012 500000598
500002012 500000599
500002012 500000600
500002012 500000601
500002012 500000602
500002012 500000603
500002012 500000604
500002012 500000605
500002012 500000606
500002012 500000607
500002012 500000608
500002012 500000609
500002012 500000610
500002012 500000611
500002012 500000612
500002012 500000613
500002012 500000614
500002012 500000615
500002012 500000616
500002012 500000617
500002012 500000618
500002012 500000619
500002012 500000620
500002012 500000621
500002012 500000622
500002012 500000623
500002012 500000624
500002012 500000625
500002012 500000626
500002012 500000627
500002012 500000628
500002012 500000629
500002012 500000630
500002012 500000631
500002012 500000632
500002012 500000633
500002012 500000634
500002012 500000635
500002012 500000636
500002012 500000637
500002012 500000638
500002012 500000639
500002012 500000640
500002012 500000641
500002012 500000642
500002012 500000643
500002012 500000644
500002012 500000645
500002012 500000646
500002012 500000647
500002012 500000648
500002012 500000649
500002012 500000650
500002012 500000651
500002012 500000652
500002012 500000653
500002012 500000654
500002012 500000655
500002012 500000656
500002012 500000657
500002012 500000658
500002012 500000659
500002012 500000660
500002012 500000661
500002012 500000662
500002012 500000663
500002012 500000664
500002012 500000665
500002012 500000666
500002012 500000667
500002012 500000668
500002012 500000669
500002012 500000670
500002012 500000671
500002012 500000672
500002012 500000673
500002012 500000674
500002012 500000675
500002012 500000676
500002012 500000677
500002012 500000678
500002012 500000679
500002012 500000680
500002012 500000681
500002012 500000682
500002012 500000683
500002012 500000684
500002012 500000685
500002012 500000686
500002012 500000687
500002012 500000688
500002012 500000689
500002012 500000690
500002012 500000691
500002012 500000692
500002012 500000693
500002012 500000694
500002012 500000695
500002012 500000696
500002012 500000697
500002012 500000698
500002012 500000699
500002012 500000700
500002012 500000701
500002012 500000702
500002012 500000703
500002012 500000704
500002012 500000705
500002012 500000706
500002012 500000707
500002012 500000708
500002012 500000709
500002012 500000710
500002012 500000711
500002012 500000712
500002012 500000713
500002012 500000714
500002012 500000715
500002012 500000716
500002012 500000717
500002012 500000718
500002012 500000719
500002012 500000720
500002012 500000721
500002012 500000722
500002012 500000723
500002012 500000724
500002012 500000725
500002012 500000726
500002012 500000727
500002012 500000728
500002012 500000729
500002012 500000730
500002012 500000731
500002012 500000732
500002012 500000733
500002012 500000734
500002012 500000735
500002012 500000736
500002012 500000737
500002012 500000738
500002012 500000739
500002012 500000740
500002012 500000741
500002012 500000742
500002012 500000743
500002012 500000744
500002012 500000745
500002012 500000746
500002012 500000747
500002012 500000748
500002012 500000749
500002012 500000750
500002012 500000751
500002012 500000752
500002012 500000753
500002012 500000754
500002012 500000755
500002012 500000756
500002012 500000757
500002012 500000758
500002012 500000759
500002012 500000760
500002012 500000761
500002012 500000762
500002012 500000763
500002012 500000764
500002012 500000765
500002012 500000766
500002012 500000767
500002012 500000768
500002012 500000769
500002012 500000770
500002012 500000771
500002012 500000772
500002012 500000773
500002012 500000774
500002012 500000775
500002012 500000776
500002012 500000777
500002012 500000778
500002012 500000779
500002012 500000780
500002012 500000781
500002012 500000782
500002012 500000783
500002012 500000784
500002012 500000785
500002012 500000786
500002012 500000787
500002012 500000788
500002012 500000789
500002012 500000790
500002012 500000791
500002012 500000792
500002012 500000793
500002012 500000794
500002012 500000795
500002012 500000796
500002012 500000797
500002012 500000798
500002012 500000799
500002012 500000800
500002012 500000801
500002012 500000802
500002012 500000803
500002012 500000804
500002012 500000805
500002012 500000806
500002012 500000807
500002012 500000808
500002012 500000809
500002012 500000810
500002012 500000811
500002012 500000812
500002012 500000813
500002012 500000814
500002012 500000815
500002012 500000816
500002012 500000817
500002012 500000818
500002012 500000819
500002012 500000820
500002012 500000821
500002012 500000822
500002012 500000823
500002012 500000824
500002012 500000825
500002012 500000826
500002012 500000827
500002012 500000828
500002012 500000829
500002012 500000830
500002012 500000831
500002012 500000832
500002012 500000833
500002012 500000834
500002012 500000835
500002012 500000836
500002012 500000837
500002012 500000838
500002012 500000839
500002012 500000840
500002012 500000841
500002012 500000842
500002012 500000843
500002012 500000844
500002012 500000845
500002012 500000846
500002012 500000847
500002012 500000848
500002012 500000849
500002012 500000850
500002012 500000851
500002012 500000852
500002012 500000853
500002012 500000854
500002012 500000855
500002012 500000856
500002012 500000857
500002012 500000858
500002012 500000859
500002012 500000860
500002012 500000861
500002012 500000862
500002012 500000863
500002012 500000864
500002012 500000865
500002012 500000866
500002012 500000867
500002012 500000868
500002012 500000869
500002012 500000870
500002012 500000871
500002012 500000872
500002012 500000873
500002012 500000874
500002012 500000875
500002012 500000876
500002012 500000877
500002012 500000878
500002012 500000879
500002012 500000880
500002012 500000881
500002012 500000882
500002012 500000883
500002012 500000884
500002012 500000885
500002012 500000886
500002012 500000887
500002012 500000888
500002012 500000889
500002012 500000890
500002012 500000891
500002012 500000892
500002012 500000893
500002012 500000894
500002012 500000895
500002012 500000896
500002012 500000897
500002012 500000898
500002012 500000899
500002012 500000900
500002012 500000901
500002012 500000902
500002012 500000903
500002012 500000904
500002012 500000905
500002012 500000906
500002012 500000907
500002012 500000908
500002012 500000909
500002012 500000910
500002012 500000911
500002012 500000912
500002012 500000913
500002012 500000914
500002012 500000915
500002012 500000916
500002012 500000917
500002012 500000918
500002012 500000919
500002012 500000920
500002012 500000921
500002012 500000922
500002012 500000923
500002012 500000924
500002012 500000925
500002012 500000926
500002012 500000927
500002012 500000928
500002012 500000929
500002012 500000930
500002012 500000931
500002012 500000932
500002012 500000933
500002012 500000934
500002012 500000935
500002012 500000936
500002012 500000937
500002012 500000938
500002012 500000939
500002012 500000940
500002012 500000941
500002012 500000942
500002012 500000943
500002012 500000944
500002012 500000945
500002012 500000946
500002012 500000947
500002012 500000948
500002012 500000949
500002012 500000950
500002012 500000951
500002012 500000952
500002012 500000953
500002012 500000954
500002012 500000955
500002012 500000956
500002012 500000957
500002012 500000958
500002012 500000959
500002012 500000960
500002012 500000961
500002012 500000962
500002012 500000963
500002012 500000964
500002012 500000965
500002012 500000966
500002012 500000967
500002012 500000968
500002012 500000969
500002012 500000970
500002012 500000971
500002012 500000972
500002012 500000973
500002012 500000974
500002012 500000975
500002012 500000976
500002012 500000977
500002012 500000978
500002012 500000979
500002012 500000980
500002012 500000981
500002012 500000982
500002012 500000983
500002012 500000984
500002012 500000985
500002012 500000986
500002012 500000987
500002012 500000988
500002012 500000989
500002012 500000990
500002012 500000991
500002012 500000992
500002012 500000993
500002012 500000994
500002012 500000995
500002012 500000996
500002012 500000997
500002012 500000998
500002012 500000999
500002012 500001000
500002012 500001001
500002012 500001002
500002012 500001003
500002012 500001004
500002012 500001005
500002012 500001006
500002012 500001007
500002012 500001008
500002012 500001009
500002012 500001010
500002012 500001011
500002012 500001012
500002012 500001013
500002012 500001014
500002012 500001015
500002012 500001016
500002012 500001017
500002012 500001018
500002012 500001019
500002012 500001020
500002012 500001021
500002012 500001022
500002012 500001023
500002012 500001024
500002012 500001025
500002012 500001026
500002012 500001027
500002012 500001028
500002012 500001029
500002012 500001030
500002012 500001031
500002012 500001032
500002012 500001033
500002012 500001034
500002012 500001035
500002012 500001036
500002012 500001037
500002012 500001038
500002012 500001039
500002012 500001040
500002012 500001041
500002012 500001042
500002012 500001043
500002012 500001044
500002012 500001045
500002012 500001046
500002012 500001047
500002012 500001048
500002012 500001049
500002012 500001050
500002012 500001051
500002012 500001052
500002012 500001053
500002012 500001054
500002012 500001055
500002012 500001056
500002012 500001057
500002012 500001058
500002012 500001059
500002012 500001060
500002012 500001061
500002012 500001062
500002012 500001063
500002012 500001064
500002012 500001065
500002012 500001066
500002012 500001067
500002012 500001068
500002012 500001069
500002012 500001070
500002012 500001071
500002012 500001072
500002012 500001073
500002012 500001074
500002012 500001075
500002012 500001076
500002012 500001077
500002012 500001078
500002012 500001079
500002012 500001080
500002012 500001081
500002012 500001082
500002012 500001083
500002012 500001084
500002012 500001085
500002012 500001086
500002012 500001087
500002012 500001088
500002012 500001089
500002012 500001090
500002012 500001091
500002012 500001092
500002012 500001093
500002012 500001094
500002012 500001095
500002012 500001096
500002012 500001097
500002012 500001098
500002012 500001099
500002012 500001100
500002012 500001101
500002012 500001102
500002012 500001103
500002012 500001104
500002012 500001105
500002012 500001106
500002012 500001107
500002012 500001108
500002012 500001109
500002012 500001110
500002012 500001111
500002012 500001112
500002012 500001113
500002012 500001114
500002012 500001115
500002012 500001116
500002012 500001117
500002012 500001118
500002012 500001119
500002012 500001120
500002012 500001121
500002012 500001122
500002012 500001123
500002012 500001124
500002012 500001125
500002012 500001126
500002012 500001127
500002012 500001128
500002012 500001129
500002012 500001130
500002012 500001131
500002012 500001132
500002012 500001133
500002012 500001134
500002012 500001135
500002012 500001136
500002012 500001137
500002012 500001138
500002012 500001139
500002012 500001140
500002012 500001141
500002012 500001142
500002012 500001143
500002012 500001144
500002012 500001145
500002012 500001146
500002012 500001147
500002012 500001148
500002012 500001149
500002012 500001150
500002012 500001151
500002012 500001152
500002012 500001153
500002012 500001154
500002012 500001155
500002012 500001156
500002012 500001157
500002012 500001158
500002012 500001159
500002012 500001160
500002012 500001161
500002012 500001162
500002012 500001163
500002012 500001164
500002012 500001165
500002012 500001166
500002012 500001167
500002012 500001168
500002012 500001169
500002012 500001170
500002012 500001171
500002012 500001172
500002012 500001173
500002012 500001174
500002012 500001175
500002012 500001176
500002012 500001177
500002012 500001178
500002012 500001179
500002012 500001180
500002012 500001181
500002012 500001182
500002012 500001183
500002012 500001184
500002012 500001185
500002012 500001186
500002012 500001187
500002012 500001188
500002012 500001189
500002012 500001190
500002012 500001191
500002012 500001192
500002012 500001193
500002012 500001194
500002012 500001195
500002012 500001196
500002012 500001197
500002012 500001198
500002012 500001199
500002012 500001200
500002012 500001201
500002012 500001202
500002012 500001203
500002012 500001204
500002012 500001205
500002012 500001206
500002012 500001207
500002012 500001208
500002012 500001209
500002012 500001210
500002012 500001211
500002012 500001212
500002012 500001213
500002012 500001214
500002012 500001215
500002012 500001216
500002012 500001217
500002012 500001218
500002012 500001219
500002012 500001220
500002012 500001221
500002012 500001222
500002012 500001223
500002012 500001224
500002012 500001225
500002012 500001226
500002012 500001227
500002012 500001228
500002012 500001229
500002012 500001230
500002012 500001231
500002012 500001232
500002012 500001233
500002012 500001234
500002012 500001235
500002012 500001236
500002012 500001237
500002012 500001238
500002012 500001239
500002012 500001240
500002012 500001241
500002012 500001242
500002012 500001243
500002012 500001244
500002012 500001245
500002012 500001246
500002012 500001247
500002012 500001248
500002012 500001249
500002012 500001250
500002012 500001251
500002012 500001252
500002012 500001253
500002012 500001254
500002012 500001255
500002012 500001256
500002012 500001257
500002012 500001258
500002012 500001259
500002012 500001260
500002012 500001261
500002012 500001262
500002012 500001263
500002012 500001264
500002012 500001265
500002012 500001266
500002012 500001267
500002012 500001268
500002012 500001269
500002012 500001270
500002012 500001271
500002012 500001272
500002012 500001273
500002012 500001274
500002012 500001275
500002012 500001276
500002012 500001277
500002012 500001278
500002012 500001279
500002012 500001280
500002012 500001281
500002012 500001282
500002012 500001283
500002012 500001284
500002012 500001285
500002012 500001286
500002012 500001287
500002012 500001288
500002012 500001289
500002012 500001290
500002012 500001291
500002012 500001292
500002012 500001293
500002012 500001294
500002012 500001295
500002012 500001296
500002012 500001297
500002012 500001298
500002012 500001299
500002012 500001300
500002012 500001301
500002012 500001302
500002012 500001303
500002012 500001304
500002012 500001305
500002012 500001306
500002012 500001307
500002012 500001308
500002012 500001309
500002012 500001310
500002012 500001311
500002012 500001312
500002012 500001313
500002012 500001314
500002012 500001315
500002012 500001316
500002012 500001317
500002012 500001318
500002012 500001319
500002012 500001320
500002012 500001321
500002012 500001322
500002012 500001323
500002012 500001324
500002012 500001325
500002012 500001326
500002012 500001327
500002012 500001328
500002012 500001329
500002012 500001330
500002012 500001331
500002012 500001332
500002012 500001333
500002012 500001334
500002012 500001335
500002012 500001336
500002012 500001337
500002012 500001338
500002012 500001339
500002012 500001340
500002012 500001341
500002012 500001342
500002012 500001343
500002012 500001344
500002012 500001345
500002012 500001346
500002012 500001347
500002012 500001348
500002012 500001349
500002012 500001350
500002012 500001351
500002012 500001352
500002012 500001353
500002012 500001354
500002012 500001355
500002012 500001356
500002012 500001357
500002012 500001358
500002012 500001359
500002012 500001360
500002012 500001361
500002012 500001362
500002012 500001363
500002012 500001364
500002012 500001365
500002012 500001366
500002012 500001367
500002012 500001368
500002012 500001369
500002012 500001370
500002012 500001371
500002012 500001372
500002012 500001373
500002012 500001374
500002012 500001375
500002012 500001376
500002012 500001377
500002012 500001378
500002012 500001379
500002012 500001380
500002012 500001381
500002012 500001382
500002012 500001383
500002012 500001384
500002012 500001385
500002012 500001386
500002012 500001387
500002012 500001388
500002012 500001389
500002012 500001390
500002012 500001391
500002012 500001392
500002012 500001393
500002012 500001394
500002012 500001395
500002012 500001396
500002012 500001397
500002012 500001398
500002012 500001399
500002012 500001400
500002012 500001401
500002012 500001402
500002012 500001403
500002012 500001404
500002012 500001405
500002012 500001406
500002012 500001407
500002012 500001408
500002012 500001409
500002012 500001410
500002012 500001411
500002012 500001412
500002012 500001413
500002012 500001414
500002012 500001415
500002012 500001416
500002012 500001417
500002012 500001418
500002012 500001419
500002012 500001420
500002012 500001421
500002012 500001422
500002012 500001423
500002012 500001424
500002012 500001425
500002012 500001426
500002012 500001427
500002012 500001428
500002012 500001429
500002012 500001430
500002012 500001431
500002012 500001432
500002012 500001433
500002012 500001434
500002012 500001435
500002012 500001436
500002012 500001437
500002012 500001438
500002012 500001439
500002012 500001440
500002012 500001441
500002012 500001442
500002012 500001443
500002012 500001444
500002012 500001445
500002012 500001446
500002012 500001447
500002012 500001448
500002012 500001449
500002012 500001450
500002012 500001451
500002012 500001452
500002012 500001453
500002012 500001454
500002012 500001455
500002012 500001456
500002012 500001457
500002012 500001458
500002012 500001459
500002012 500001460
500002012 500001461
500002012 500001462
500002012 500001463
500002012 500001464
500002012 500001465
500002012 500001466
500002012 500001467
500002012 500001468
500002012 500001469
500002012 500001470
500002012 500001471
500002012 500001472
500002012 500001473
500002012 500001474
500002012 500001475
500002012 500001476
500002012 500001477
500002012 500001478
500002012 500001479
500002012 500001480
500002012 500001481
500002012 500001482
500002012 500001483
500002012 500001484
500002012 500001485
500002012 500001486
500002012 500001487
500002012 500001488
500002012 500001489
500002012 500001490
500002012 500001491
500002012 500001492
500002012 500001493
500002012 500001494
500002012 500001495
500002012 500001496
500002012 500001497
500002012 500001498
500002012 500001499
500002012 500001500
500002012 500001501
500002012 500001502
500002012 500001503
500002012 500001504
500002012 500001505
500002012 500001506
500002012 500001507
500002012 500001508
500002012 500001509
500002012 500001510
500002012 500001511
500002012 500001512
500002012 500001513
500002012 500001514
500002012 500001515
500002012 500001516
500002012 500001517
500002012 500001518
500002012 500001519
500002012 500001520
500002012 500001521
500002012 500001522
500002012 500001523
500002012 500001524
500002012 500001525
500002012 500001526
500002012 500001527
500002012 500001528
500002012 500001529
500002012 500001530
500002012 500001531
500002012 500001532
500002012 500001533
500002012 500001534
500002012 500001535
500002012 500001536
500002012 500001537
500002012 500001538
500002012 500001539
500002012 500001540
500002012 500001541
500002012 500001542
500002012 500001543
500002012 500001544
500002012 500001545
500002012 500001546
500002012 500001547
500002012 500001548
500002012 500001549
500002012 500001550
500002012 500001551
500002012 500001552
500002012 500001553
500002012 500001554
500002012 500001555
500002012 500001556
500002012 500001557
500002012 500001558
500002012 500001559
500002012 500001560
500002012 500001561
500002012 500001562
500002012 500001563
500002012 500001564
500002012 500001565
500002012 500001566
500002012 500001567
500002012 500001568
500002012 500001569
500002012 500001570
500002012 500001571
500002012 500001572
500002012 500001573
500002012 500001574
500002012 500001575
500002012 500001576
500002012 500001577
500002012 500001578
500002012 500001579
500002012 500001580
500002012 500001581
500002012 500001582
500002012 500001583
500002012 500001584
500002012 500001585
500002012 500001586
500002012 500001587
500002012 500001588
500002012 500001589
500002012 500001590
500002012 500001591
500002012 500001592
500002012 500001593
500002012 500001594
500002012 500001595
500002012 500001596
500002012 500001597
500002012 500001598
500002012 500001599
500002012 500001600
500002012 500001601
500002012 500001602
500002012 500001603
500002012 500001604
500002012 500001605
500002012 500001606
500002012 500001607
500002012 500001608
500002012 500001609
500002012 500001610
500002012 500001611
500002012 500001612
500002012 500001613
500002012 500001614
500002012 500001615
500002012 500001616
500002012 500001617
500002012 500001618
500002012 500001619
500002012 500001620
500002012 500001621
500002012 500001622
500002012 500001623
500002012 500001624
500002012 500001625
500002012 500001626
500002012 500001627
500002012 500001628
500002012 500001629
500002012 500001630
500002012 500001631
500002012 500001632
500002012 500001633
500002012 500001634
500002012 500001635
500002012 500001636
500002012 500001637
500002012 500001638
500002012 500001639
500002012 500001640
500002012 500001641
500002012 500001642
500002012 500001643
500002012 500001644
500002012 500001645
500002012 500001646
500002012 500001647
500002012 500001648
500002012 500001649
500002012 500001650
500002012 500001651
500002012 500001652
500002012 500001653
500002012 500001654
500002012 500001655
500002012 500001656
500002012 500001657
500002012 500001658
500002012 500001659
500002012 500001660
500002012 500001661
500002012 500001662
500002012 500001663
500002012 500001664
500002012 500001665
500002012 500001666
500002012 500001667
500002012 500001668
500002012 500001669
500002012 500001670
500002012 500001671
500002012 500001672
500002012 500001673
500002012 500001674
500002012 500001675
500002012 500001676
500002012 500001677
500002012 500001678
500002012 500001679
500002012 500001680
500002012 500001681
500002012 500001682
500002012 500001683
500002012 500001684
500002012 500001685
500002012 500001686
500002012 500001687
500002012 500001688
500002012 500001689
500002012 500001690
500002012 500001691
500002012 500001692
500002012 500001693
500002012 500001694
500002012 500001695
500002012 500001696
500002012 500001697
500002012 500001698
500002012 500001699
500002012 500001700
500002012 500001701
500002012 500001702
500002012 500001703
500002012 500001704
500002012 500001705
500002012 500001706
500002012 500001707
500002012 500001708
500002012 500001709
500002012 500001710
500002012 500001711
500002012 500001712
500002012 500001713
500002012 500001714
500002012 500001715
500002012 500001716
500002012 500001717
500002012 500001718
500002012 500001719
500002012 500001720
500002012 500001721
500002012 500001722
500002012 500001723
500002012 500001724
500002012 500001725
500002012 500001726
500002012 500001727
500002012 500001728
500002012 500001729
500002012 500001730
500002012 500001731
500002012 500001732
500002012 500001733
500002012 500001734
500002012 500001735
500002012 500001736
500002012 500001737
500002012 500001738
500002012 500001739
500002012 500001740
500002012 500001741
500002012 500001742
500002012 500001743
500002012 500001744
500002012 500001745
500002012 500001746
500002012 500001747
500002012 500001748
500002012 500001749
500002012 500001750
500002012 500001751
500002012 500001752
500002012 500001753
500002012 500001754
500002012 500001755
500002012 500001756
500002012 500001757
500002012 500001758
500002012 500001759
500002012 500001760
500002012 500001761
500002012 500001762
500002012 500001763
500002012 500001764
500002012 500001765
500002012 500001766
500002012 500001767
500002012 500001768
500002012 500001769
500002012 500001770
500002012 500001771
500002012 500001772
500002012 500001773
500002012 500001774
500002012 500001775
500002012 500001776
500002012 500001777
500002012 500001778
500002012 500001779
500002012 500001780
500002012 500001781
500002012 500001782
500002012 500001783
500002012 500001784
500002012 500001785
500002012 500001786
500002012 500001787
500002012 500001788
500002012 500001789
500002012 500001790
500002012 500001791
500002012 500001792
500002012 500001793
500002012 500001794
500002012 500001795
500002012 500001796
500002012 500001797
500002012 500001798
500002012 500001799
500002012 500001800
500002012 500001801
500002012 500001802
500002012 500001803
500002012 500001804
500002012 500001805
500002012 500001806
500002012 500001807
500002012 500001808
500002012 500001809
500002012 500001810
500002012 500001811
500002012 500001812
500002012 500001813
500002012 500001814
500002012 500001815
500002012 500001816
500002012 500001817
500002012 500001818
500002012 500001819
500002012 500001820
500002012 500001821
500002012 500001822
500002012 500001823
500002012 500001824
500002012 500001825
500002012 500001826
500002012 500001827
500002012 500001828
500002012 500001829
500002012 500001830
500002012 500001831
500002012 500001832
500002012 500001833
500002012 500001834
500002012 500001835
500002012 500001836
500002012 500001837
500002012 500001838
500002012 500001839
500002012 500001840
500002012 500001841
500002012 500001842
500002012 500001843
500002012 500001844
500002012 500001845
500002012 500001846
500002012 500001847
500002012 500001848
500002012 500001849
500002012 500001850
500002012 500001851
500002012 500001852
500002012 500001853
500002012 500001854
500002012 500001855
500002012 500001856
500002012 500001857
500002012 500001858
500002012 500001859
500002012 500001860
500002012 500001861
500002012 500001862
500002012 500001863
500002012 500001864
500002012 500001865
500002012 500001866
500002012 500001867
500002012 500001868
500002012 500001869
500002012 500001870
500002012 500001871
500002012 500001872
500002012 500001873
500002012 500001874
500002012 500001875
500002012 500001876
500002012 500001877
500002012 500001878
500002012 500001879
500002012 500001880
500002012 500001881
500002012 500001882
500002012 500001883
500002012 500001884
500002012 500001885
500002012 500001886
500002012 500001887
500002012 500001888
500002012 500001889
500002012 500001890
500002012 500001891
500002012 500001892
500002012 500001893
500002012 500001894
500002012 500001895
500002012 500001896
500002012 500001897
500002012 500001898
500002012 500001899
500002012 500001900
500002012 500001901
500002012 500001902
500002012 500001903
500002012 500001904
500002012 500001905
500002012 500001906
500002012 500001907
500002012 500001908
500002012 500001909
500002012 500001910
500002012 500001911
500002012 500001912
500002012 500001913
500002012 500001914
500002012 500001915
500002012 500001916
500002012 500001917
500002012 500001918
500002012 500001919
500002012 500001920
500002012 500001921
500002012 500001922
500002012 500001923
500002012 500001924
500002012 500001925
500002012 500001926
500002012 500001927
500002012 500001928
500002012 500001929
500002012 500001930
500002012 500001931
500002012 500001932
500002012 500001933
500002012 500001934
500002012 500001935
500002012 500001936
500002012 500001937
500002012 500001938
500002012 500001939
500002012 500001940
500002012 500001941
500002012 500001942
500002012 500001943
500002012 500001944
500002012 500001945
500002012 500001946
500002012 500001947
500002012 500001948
500002012 500001949
500002012 500001950
500002012 500001951
500002012 500001952
500002012 500001953
500002012 500001954
500002012 500001955
500002012 500001956
500002012 500001957
500002012 500001958
500002012 500001959
500002012 500001960
500002012 500001961
500002012 500001962
500002012 500001963
500002012 500001964
500002012 500001965
500002012 500001966
500002012 500001967
500002012 500001968
500002012 500001969
500002012 500001970
500002012 500001971
500002012 500001972
500002012 500001973
500002012 500001974
500002012 500001975
500002012 500001976
500002012 500001977
500002012 500001978
500002012 500001979
500002012 500001980
500002012 500001981
500002012 500001982
500002012 500001983
500002012 500001984
500002012 500001985
500002012 500001986
500002012 500001987
500002012 500001988
500002012 500001989
500002012 500001990
500002012 500001991
500002012 500001992
500002012 500001993
500002012 500001994
500002012 500001995
500002012 500001996
500002012 500001997
500002012 500001998
500002012 500001999
500002012 500002000
500002012 500002001
500002012 500002002
500002012 500002003
500002012 500002004
500002012 500002005
500002012 500002006
500002012 500002007
500002012 500002008
500002012 500002009
500002012 500002010
500002012 500002011
500002012 500002012
