200000 200000 278
99882 99881
99883 99881
99884 99881
99885 99881
99886 99881
99887 99881
99888 99881
99889 99881
99890 99881
99891 99881
99892 99881
99893 99881
99894 99881
99895 99881
99896 99881
99897 99881
99898 99881
99899 99881
99900 99881
99901 99881
99902 99881
99903 99881
99904 99881
99905 99881
99906 99881
99907 99881
99908 99881
99909 99881
99910 99881
99911 99881
99912 99881
99913 99881
99914 99881
99915 99881
99916 99881
99917 99881
99918 99881
99919 99881
99920 99881
99921 99881
99922 99881
99923 99881
99924 99881
99925 99881
99926 99881
99927 99881
99928 99881
99929 99881
99930 99881
99931 99881
99932 99881
99933 99881
99934 99881
99935 99881
99936 99881
99937 99881
99938 99881
99939 99881
99940 99881
99941 99881
99942 99881
99943 99881
99944 99881
99945 99881
99946 99881
99947 99881
99948 99881
99949 99881
99950 99881
99951 99881
99952 99881
99953 99881
99954 99881
99955 99881
99956 99881
99957 99881
99958 99881
99959 99881
99960 99881
99961 99881
99962 99881
99963 99881
99964 99881
99965 99881
99966 99881
99967 99881
99968 99881
99969 99881
99970 99881
99971 99881
99972 99881
99973 99881
99974 99881
99975 99881
99976 99881
99977 99881
99978 99881
99979 99881
99980 99881
99981 99881
99982 99881
99983 99881
99984 99881
99985 99881
99986 99881
99987 99881
99988 99881
99989 99881
99990 99881
99991 99881
99992 99881
99993 99881
99994 99881
99995 99881
99996 99881
99997 99881
99998 99881
99999 99881
100000 99881
100001 99881
100002 99881
100003 99881
100004 99881
100005 99881
100006 99881
100007 99881
100008 99881
100009 99881
100010 99881
100011 99881
100012 99881
100013 99881
100014 99881
100015 99881
100016 99881
100017 99881
100018 99881
100019 99881
100020 99881
100021 99881
100022 99881
100023 99881
100024 99881
100025 99881
100026 99881
100027 99881
100028 99881
100029 99881
100030 99881
100031 99881
100032 99881
100033 99881
100034 99881
100035 99881
100036 99881
100037 99881
100038 99881
100039 99881
100040 99881
100041 99881
100042 99881
100043 99881
100044 99881
100045 99881
100046 99881
100047 99881
100048 99881
100049 99881
100050 99881
100051 99881
100052 99881
100053 99881
100054 99881
100055 99881
100056 99881
100057 99881
100058 99881
100059 99881
100060 99881
100061 99881
100062 99881
100063 99881
100064 99881
100065 99881
100066 99881
100067 99881
100068 99881
100069 99881
100070 99881
100071 99881
100072 99881
100073 99881
100074 99881
100075 99881
100076 99881
100077 99881
100078 99881
100079 99881
100080 99881
100081 99881
100082 99881
100083 99881
100084 99881
100085 99881
100086 99881
100087 99881
100088 99881
100089 99881
100090 99881
100091 99881
100092 99881
100093 99881
100094 99881
100095 99881
100096 99881
100097 99881
100098 99881
100099 99881
100100 99881
100101 99881
100102 99881
100103 99881
100104 99881
100105 99881
100106 99881
100107 99881
100108 99881
100109 99881
100110 99881
100111 99881
100112 99881
100113 99881
100114 99881
100115 99881
100116 99881
100117 99881
100118 99881
100119 99881
100120 99881
99982 100019
99983 100019
99984 100019
99985 100019
99986 100019
99987 100019
99988 100019
99989 100019
99990 100019
99991 100019
99992 100019
99993 100019
99994 100019
99995 100019
99996 100019
99997 100019
99998 100019
99999 100019
100000 100019
100001 100019
100002 100019
100003 100019
100004 100019
100005 100019
100006 100019
100007 100019
100008 100019
100009 100019
100010 100019
100011 100019
100012 100019
100013 100019
100014 100019
100015 100019
100016 100019
100017 100019
100018 100019
100019 100019
23548 161357
