1000000000 1000000000 2611
499998696 500001305
499998697 500001305
499998698 500001305
499998699 500001305
499998700 500001305
499998701 500001305
499998702 500001305
499998703 500001305
499998704 500001305
499998705 500001305
499998706 500001305
499998707 500001305
499998708 500001305
499998709 500001305
499998710 500001305
499998711 500001305
499998712 500001305
499998713 500001305
499998714 500001305
499998715 500001305
499998716 500001305
499998717 500001305
499998718 500001305
499998719 500001305
499998720 500001305
499998721 500001305
499998722 500001305
499998723 500001305
499998724 500001305
499998725 500001305
499998726 500001305
499998727 500001305
499998728 500001305
499998729 500001305
499998730 500001305
499998731 500001305
499998732 500001305
499998733 500001305
499998734 500001305
499998735 500001305
499998736 500001305
499998737 500001305
499998738 500001305
499998739 500001305
499998740 500001305
499998741 500001305
499998742 500001305
499998743 500001305
499998744 500001305
499998745 500001305
499998746 500001305
499998747 500001305
499998748 500001305
499998749 500001305
499998750 500001305
499998751 500001305
499998752 500001305
499998753 500001305
499998754 500001305
499998755 500001305
499998756 500001305
499998757 500001305
499998758 500001305
499998759 500001305
499998760 500001305
499998761 500001305
499998762 500001305
499998763 500001305
499998764 500001305
499998765 500001305
499998766 500001305
499998767 500001305
499998768 500001305
499998769 500001305
499998770 500001305
499998771 500001305
499998772 500001305
499998773 500001305
499998774 500001305
499998775 500001305
499998776 500001305
499998777 500001305
499998778 500001305
499998779 500001305
499998780 500001305
499998781 500001305
499998782 500001305
499998783 500001305
499998784 500001305
499998785 500001305
499998786 500001305
499998787 500001305
499998788 500001305
499998789 500001305
499998790 500001305
499998791 500001305
499998792 500001305
499998793 500001305
499998794 500001305
499998795 500001305
499998796 500001305
499998797 500001305
499998798 500001305
499998799 500001305
499998800 500001305
499998801 500001305
499998802 500001305
499998803 500001305
499998804 500001305
499998805 500001305
499998806 500001305
499998807 500001305
499998808 500001305
499998809 500001305
499998810 500001305
499998811 500001305
499998812 500001305
499998813 500001305
499998814 500001305
499998815 500001305
499998816 500001305
499998817 500001305
499998818 500001305
499998819 500001305
499998820 500001305
499998821 500001305
499998822 500001305
499998823 500001305
499998824 500001305
499998825 500001305
499998826 500001305
499998827 500001305
499998828 500001305
499998829 500001305
499998830 500001305
499998831 500001305
499998832 500001305
499998833 500001305
499998834 500001305
499998835 500001305
499998836 500001305
499998837 500001305
499998838 500001305
499998839 500001305
499998840 500001305
499998841 500001305
499998842 500001305
499998843 500001305
499998844 500001305
499998845 500001305
499998846 500001305
499998847 500001305
499998848 500001305
499998849 500001305
499998850 500001305
499998851 500001305
499998852 500001305
499998853 500001305
499998854 500001305
499998855 500001305
499998856 500001305
499998857 500001305
499998858 500001305
499998859 500001305
499998860 500001305
499998861 500001305
499998862 500001305
499998863 500001305
499998864 500001305
499998865 500001305
499998866 500001305
499998867 500001305
499998868 500001305
499998869 500001305
499998870 500001305
499998871 500001305
499998872 500001305
499998873 500001305
499998874 500001305
499998875 500001305
499998876 500001305
499998877 500001305
499998878 500001305
499998879 500001305
499998880 500001305
499998881 500001305
499998882 500001305
499998883 500001305
499998884 500001305
499998885 500001305
499998886 500001305
499998887 500001305
499998888 500001305
499998889 500001305
499998890 500001305
499998891 500001305
499998892 500001305
499998893 500001305
499998894 500001305
499998895 500001305
499998896 500001305
499998897 500001305
499998898 500001305
499998899 500001305
499998900 500001305
499998901 500001305
499998902 500001305
499998903 500001305
499998904 500001305
499998905 500001305
499998906 500001305
499998907 500001305
499998908 500001305
499998909 500001305
499998910 500001305
499998911 500001305
499998912 500001305
499998913 500001305
499998914 500001305
499998915 500001305
499998916 500001305
499998917 500001305
499998918 500001305
499998919 500001305
499998920 500001305
499998921 500001305
499998922 500001305
499998923 500001305
499998924 500001305
499998925 500001305
499998926 500001305
499998927 500001305
499998928 500001305
499998929 500001305
499998930 500001305
499998931 500001305
499998932 500001305
499998933 500001305
499998934 500001305
499998935 500001305
499998936 500001305
499998937 500001305
499998938 500001305
499998939 500001305
499998940 500001305
499998941 500001305
499998942 500001305
499998943 500001305
499998944 500001305
499998945 500001305
499998946 500001305
499998947 500001305
499998948 500001305
499998949 500001305
499998950 500001305
499998951 500001305
499998952 500001305
499998953 500001305
499998954 500001305
499998955 500001305
499998956 500001305
499998957 500001305
499998958 500001305
499998959 500001305
499998960 500001305
499998961 500001305
499998962 500001305
499998963 500001305
499998964 500001305
499998965 500001305
499998966 500001305
499998967 500001305
499998968 500001305
499998969 500001305
499998970 500001305
499998971 500001305
499998972 500001305
499998973 500001305
499998974 500001305
499998975 500001305
499998976 500001305
499998977 500001305
499998978 500001305
499998979 500001305
499998980 500001305
499998981 500001305
499998982 500001305
499998983 500001305
499998984 500001305
499998985 500001305
499998986 500001305
499998987 500001305
499998988 500001305
499998989 500001305
499998990 500001305
499998991 500001305
499998992 500001305
499998993 500001305
499998994 500001305
499998995 500001305
499998996 500001305
499998997 500001305
499998998 500001305
499998999 500001305
499999000 500001305
499999001 500001305
499999002 500001305
499999003 500001305
499999004 500001305
499999005 500001305
499999006 500001305
499999007 500001305
499999008 500001305
499999009 500001305
499999010 500001305
499999011 500001305
499999012 500001305
499999013 500001305
499999014 500001305
499999015 500001305
499999016 500001305
499999017 500001305
499999018 500001305
499999019 500001305
499999020 500001305
499999021 500001305
499999022 500001305
499999023 500001305
499999024 500001305
499999025 500001305
499999026 500001305
499999027 500001305
499999028 500001305
499999029 500001305
499999030 500001305
499999031 500001305
499999032 500001305
499999033 500001305
499999034 500001305
499999035 500001305
499999036 500001305
499999037 500001305
499999038 500001305
499999039 500001305
499999040 500001305
499999041 500001305
499999042 500001305
499999043 500001305
499999044 500001305
499999045 500001305
499999046 500001305
499999047 500001305
499999048 500001305
499999049 500001305
499999050 500001305
499999051 500001305
499999052 500001305
499999053 500001305
499999054 500001305
499999055 500001305
499999056 500001305
499999057 500001305
499999058 500001305
499999059 500001305
499999060 500001305
499999061 500001305
499999062 500001305
499999063 500001305
499999064 500001305
499999065 500001305
499999066 500001305
499999067 500001305
499999068 500001305
499999069 500001305
499999070 500001305
499999071 500001305
499999072 500001305
499999073 500001305
499999074 500001305
499999075 500001305
499999076 500001305
499999077 500001305
499999078 500001305
499999079 500001305
499999080 500001305
499999081 500001305
499999082 500001305
499999083 500001305
499999084 500001305
499999085 500001305
499999086 500001305
499999087 500001305
499999088 500001305
499999089 500001305
499999090 500001305
499999091 500001305
499999092 500001305
499999093 500001305
499999094 500001305
499999095 500001305
499999096 500001305
499999097 500001305
499999098 500001305
499999099 500001305
499999100 500001305
499999101 500001305
499999102 500001305
499999103 500001305
499999104 500001305
499999105 500001305
499999106 500001305
499999107 500001305
499999108 500001305
499999109 500001305
499999110 500001305
499999111 500001305
499999112 500001305
499999113 500001305
499999114 500001305
499999115 500001305
499999116 500001305
499999117 500001305
499999118 500001305
499999119 500001305
499999120 500001305
499999121 500001305
499999122 500001305
499999123 500001305
499999124 500001305
499999125 500001305
499999126 500001305
499999127 500001305
499999128 500001305
499999129 500001305
499999130 500001305
499999131 500001305
499999132 500001305
499999133 500001305
499999134 500001305
499999135 500001305
499999136 500001305
499999137 500001305
499999138 500001305
499999139 500001305
499999140 500001305
499999141 500001305
499999142 500001305
499999143 500001305
499999144 500001305
499999145 500001305
499999146 500001305
499999147 500001305
499999148 500001305
499999149 500001305
499999150 500001305
499999151 500001305
499999152 500001305
499999153 500001305
499999154 500001305
499999155 500001305
499999156 500001305
499999157 500001305
499999158 500001305
499999159 500001305
499999160 500001305
499999161 500001305
499999162 500001305
499999163 500001305
499999164 500001305
499999165 500001305
499999166 500001305
499999167 500001305
499999168 500001305
499999169 500001305
499999170 500001305
499999171 500001305
499999172 500001305
499999173 500001305
499999174 500001305
499999175 500001305
499999176 500001305
499999177 500001305
499999178 500001305
499999179 500001305
499999180 500001305
499999181 500001305
499999182 500001305
499999183 500001305
499999184 500001305
499999185 500001305
499999186 500001305
499999187 500001305
499999188 500001305
499999189 500001305
499999190 500001305
499999191 500001305
499999192 500001305
499999193 500001305
499999194 500001305
499999195 500001305
499999196 500001305
499999197 500001305
499999198 500001305
499999199 500001305
499999200 500001305
499999201 500001305
499999202 500001305
499999203 500001305
499999204 500001305
499999205 500001305
499999206 500001305
499999207 500001305
499999208 500001305
499999209 500001305
499999210 500001305
499999211 500001305
499999212 500001305
499999213 500001305
499999214 500001305
499999215 500001305
499999216 500001305
499999217 500001305
499999218 500001305
499999219 500001305
499999220 500001305
499999221 500001305
499999222 500001305
499999223 500001305
499999224 500001305
499999225 500001305
499999226 500001305
499999227 500001305
499999228 500001305
499999229 500001305
499999230 500001305
499999231 500001305
499999232 500001305
499999233 500001305
499999234 500001305
499999235 500001305
499999236 500001305
499999237 500001305
499999238 500001305
499999239 500001305
499999240 500001305
499999241 500001305
499999242 500001305
499999243 500001305
499999244 500001305
499999245 500001305
499999246 500001305
499999247 500001305
499999248 500001305
499999249 500001305
499999250 500001305
499999251 500001305
499999252 500001305
499999253 500001305
499999254 500001305
499999255 500001305
499999256 500001305
499999257 500001305
499999258 500001305
499999259 500001305
499999260 500001305
499999261 500001305
499999262 500001305
499999263 500001305
499999264 500001305
499999265 500001305
499999266 500001305
499999267 500001305
499999268 500001305
499999269 500001305
499999270 500001305
499999271 500001305
499999272 500001305
499999273 500001305
499999274 500001305
499999275 500001305
499999276 500001305
499999277 500001305
499999278 500001305
499999279 500001305
499999280 500001305
499999281 500001305
499999282 500001305
499999283 500001305
499999284 500001305
499999285 500001305
499999286 500001305
499999287 500001305
499999288 500001305
499999289 500001305
499999290 500001305
499999291 500001305
499999292 500001305
499999293 500001305
499999294 500001305
499999295 500001305
499999296 500001305
499999297 500001305
499999298 500001305
499999299 500001305
499999300 500001305
499999301 500001305
499999302 500001305
499999303 500001305
499999304 500001305
499999305 500001305
499999306 500001305
499999307 500001305
499999308 500001305
499999309 500001305
499999310 500001305
499999311 500001305
499999312 500001305
499999313 500001305
499999314 500001305
499999315 500001305
499999316 500001305
499999317 500001305
499999318 500001305
499999319 500001305
499999320 500001305
499999321 500001305
499999322 500001305
499999323 500001305
499999324 500001305
499999325 500001305
499999326 500001305
499999327 500001305
499999328 500001305
499999329 500001305
499999330 500001305
499999331 500001305
499999332 500001305
499999333 500001305
499999334 500001305
499999335 500001305
499999336 500001305
499999337 500001305
499999338 500001305
499999339 500001305
499999340 500001305
499999341 500001305
499999342 500001305
499999343 500001305
499999344 500001305
499999345 500001305
499999346 500001305
499999347 500001305
499999348 500001305
499999349 500001305
499999350 500001305
499999351 500001305
499999352 500001305
499999353 500001305
499999354 500001305
499999355 500001305
499999356 500001305
499999357 500001305
499999358 500001305
499999359 500001305
499999360 500001305
499999361 500001305
499999362 500001305
499999363 500001305
499999364 500001305
499999365 500001305
499999366 500001305
499999367 500001305
499999368 500001305
499999369 500001305
499999370 500001305
499999371 500001305
499999372 500001305
499999373 500001305
499999374 500001305
499999375 500001305
499999376 500001305
499999377 500001305
499999378 500001305
499999379 500001305
499999380 500001305
499999381 500001305
499999382 500001305
499999383 500001305
499999384 500001305
499999385 500001305
499999386 500001305
499999387 500001305
499999388 500001305
499999389 500001305
499999390 500001305
499999391 500001305
499999392 500001305
499999393 500001305
499999394 500001305
499999395 500001305
499999396 500001305
499999397 500001305
499999398 500001305
499999399 500001305
499999400 500001305
499999401 500001305
499999402 500001305
499999403 500001305
499999404 500001305
499999405 500001305
499999406 500001305
499999407 500001305
499999408 500001305
499999409 500001305
499999410 500001305
499999411 500001305
499999412 500001305
499999413 500001305
499999414 500001305
499999415 500001305
499999416 500001305
499999417 500001305
499999418 500001305
499999419 500001305
499999420 500001305
499999421 500001305
499999422 500001305
499999423 500001305
499999424 500001305
499999425 500001305
499999426 500001305
499999427 500001305
499999428 500001305
499999429 500001305
499999430 500001305
499999431 500001305
499999432 500001305
499999433 500001305
499999434 500001305
499999435 500001305
499999436 500001305
499999437 500001305
499999438 500001305
499999439 500001305
499999440 500001305
499999441 500001305
499999442 500001305
499999443 500001305
499999444 500001305
499999445 500001305
499999446 500001305
499999447 500001305
499999448 500001305
499999449 500001305
499999450 500001305
499999451 500001305
499999452 500001305
499999453 500001305
499999454 500001305
499999455 500001305
499999456 500001305
499999457 500001305
499999458 500001305
499999459 500001305
499999460 500001305
499999461 500001305
499999462 500001305
499999463 500001305
499999464 500001305
499999465 500001305
499999466 500001305
499999467 500001305
499999468 500001305
499999469 500001305
499999470 500001305
499999471 500001305
499999472 500001305
499999473 500001305
499999474 500001305
499999475 500001305
499999476 500001305
499999477 500001305
499999478 500001305
499999479 500001305
499999480 500001305
499999481 500001305
499999482 500001305
499999483 500001305
499999484 500001305
499999485 500001305
499999486 500001305
499999487 500001305
499999488 500001305
499999489 500001305
499999490 500001305
499999491 500001305
499999492 500001305
499999493 500001305
499999494 500001305
499999495 500001305
499999496 500001305
499999497 500001305
499999498 500001305
499999499 500001305
499999500 500001305
499999501 500001305
499999502 500001305
499999503 500001305
499999504 500001305
499999505 500001305
499999506 500001305
499999507 500001305
499999508 500001305
499999509 500001305
499999510 500001305
499999511 500001305
499999512 500001305
499999513 500001305
499999514 500001305
499999515 500001305
499999516 500001305
499999517 500001305
499999518 500001305
499999519 500001305
499999520 500001305
499999521 500001305
499999522 500001305
499999523 500001305
499999524 500001305
499999525 500001305
499999526 500001305
499999527 500001305
499999528 500001305
499999529 500001305
499999530 500001305
499999531 500001305
499999532 500001305
499999533 500001305
499999534 500001305
499999535 500001305
499999536 500001305
499999537 500001305
499999538 500001305
499999539 500001305
499999540 500001305
499999541 500001305
499999542 500001305
499999543 500001305
499999544 500001305
499999545 500001305
499999546 500001305
499999547 500001305
499999548 500001305
499999549 500001305
499999550 500001305
499999551 500001305
499999552 500001305
499999553 500001305
499999554 500001305
499999555 500001305
499999556 500001305
499999557 500001305
499999558 500001305
499999559 500001305
499999560 500001305
499999561 500001305
499999562 500001305
499999563 500001305
499999564 500001305
499999565 500001305
499999566 500001305
499999567 500001305
499999568 500001305
499999569 500001305
499999570 500001305
499999571 500001305
499999572 500001305
499999573 500001305
499999574 500001305
499999575 500001305
499999576 500001305
499999577 500001305
499999578 500001305
499999579 500001305
499999580 500001305
499999581 500001305
499999582 500001305
499999583 500001305
499999584 500001305
499999585 500001305
499999586 500001305
499999587 500001305
499999588 500001305
499999589 500001305
499999590 500001305
499999591 500001305
499999592 500001305
499999593 500001305
499999594 500001305
499999595 500001305
499999596 500001305
499999597 500001305
499999598 500001305
499999599 500001305
499999600 500001305
499999601 500001305
499999602 500001305
499999603 500001305
499999604 500001305
499999605 500001305
499999606 500001305
499999607 500001305
499999608 500001305
499999609 500001305
499999610 500001305
499999611 500001305
499999612 500001305
499999613 500001305
499999614 500001305
499999615 500001305
499999616 500001305
499999617 500001305
499999618 500001305
499999619 500001305
499999620 500001305
499999621 500001305
499999622 500001305
499999623 500001305
499999624 500001305
499999625 500001305
499999626 500001305
499999627 500001305
499999628 500001305
499999629 500001305
499999630 500001305
499999631 500001305
499999632 500001305
499999633 500001305
499999634 500001305
499999635 500001305
499999636 500001305
499999637 500001305
499999638 500001305
499999639 500001305
499999640 500001305
499999641 500001305
499999642 500001305
499999643 500001305
499999644 500001305
499999645 500001305
499999646 500001305
499999647 500001305
499999648 500001305
499999649 500001305
499999650 500001305
499999651 500001305
499999652 500001305
499999653 500001305
499999654 500001305
499999655 500001305
499999656 500001305
499999657 500001305
499999658 500001305
499999659 500001305
499999660 500001305
499999661 500001305
499999662 500001305
499999663 500001305
499999664 500001305
499999665 500001305
499999666 500001305
499999667 500001305
499999668 500001305
499999669 500001305
499999670 500001305
499999671 500001305
499999672 500001305
499999673 500001305
499999674 500001305
499999675 500001305
499999676 500001305
499999677 500001305
499999678 500001305
499999679 500001305
499999680 500001305
499999681 500001305
499999682 500001305
499999683 500001305
499999684 500001305
499999685 500001305
499999686 500001305
499999687 500001305
499999688 500001305
499999689 500001305
499999690 500001305
499999691 500001305
499999692 500001305
499999693 500001305
499999694 500001305
499999695 500001305
499999696 500001305
499999697 500001305
499999698 500001305
499999699 500001305
499999700 500001305
499999701 500001305
499999702 500001305
499999703 500001305
499999704 500001305
499999705 500001305
499999706 500001305
499999707 500001305
499999708 500001305
499999709 500001305
499999710 500001305
499999711 500001305
499999712 500001305
499999713 500001305
499999714 500001305
499999715 500001305
499999716 500001305
499999717 500001305
499999718 500001305
499999719 500001305
499999720 500001305
499999721 500001305
499999722 500001305
499999723 500001305
499999724 500001305
499999725 500001305
499999726 500001305
499999727 500001305
499999728 500001305
499999729 500001305
499999730 500001305
499999731 500001305
499999732 500001305
499999733 500001305
499999734 500001305
499999735 500001305
499999736 500001305
499999737 500001305
499999738 500001305
499999739 500001305
499999740 500001305
499999741 500001305
499999742 500001305
499999743 500001305
499999744 500001305
499999745 500001305
499999746 500001305
499999747 500001305
499999748 500001305
499999749 500001305
499999750 500001305
499999751 500001305
499999752 500001305
499999753 500001305
499999754 500001305
499999755 500001305
499999756 500001305
499999757 500001305
499999758 500001305
499999759 500001305
499999760 500001305
499999761 500001305
499999762 500001305
499999763 500001305
499999764 500001305
499999765 500001305
499999766 500001305
499999767 500001305
499999768 500001305
499999769 500001305
499999770 500001305
499999771 500001305
499999772 500001305
499999773 500001305
499999774 500001305
499999775 500001305
499999776 500001305
499999777 500001305
499999778 500001305
499999779 500001305
499999780 500001305
499999781 500001305
499999782 500001305
499999783 500001305
499999784 500001305
499999785 500001305
499999786 500001305
499999787 500001305
499999788 500001305
499999789 500001305
499999790 500001305
499999791 500001305
499999792 500001305
499999793 500001305
499999794 500001305
499999795 500001305
499999796 500001305
499999797 500001305
499999798 500001305
499999799 500001305
499999800 500001305
499999801 500001305
499999802 500001305
499999803 500001305
499999804 500001305
499999805 500001305
499999806 500001305
499999807 500001305
499999808 500001305
499999809 500001305
499999810 500001305
499999811 500001305
499999812 500001305
499999813 500001305
499999814 500001305
499999815 500001305
499999816 500001305
499999817 500001305
499999818 500001305
499999819 500001305
499999820 500001305
499999821 500001305
499999822 500001305
499999823 500001305
499999824 500001305
499999825 500001305
499999826 500001305
499999827 500001305
499999828 500001305
499999829 500001305
499999830 500001305
499999831 500001305
499999832 500001305
499999833 500001305
499999834 500001305
499999835 500001305
499999836 500001305
499999837 500001305
499999838 500001305
499999839 500001305
499999840 500001305
499999841 500001305
499999842 500001305
499999843 500001305
499999844 500001305
499999845 500001305
499999846 500001305
499999847 500001305
499999848 500001305
499999849 500001305
499999850 500001305
499999851 500001305
499999852 500001305
499999853 500001305
499999854 500001305
499999855 500001305
499999856 500001305
499999857 500001305
499999858 500001305
499999859 500001305
499999860 500001305
499999861 500001305
499999862 500001305
499999863 500001305
499999864 500001305
499999865 500001305
499999866 500001305
499999867 500001305
499999868 500001305
499999869 500001305
499999870 500001305
499999871 500001305
499999872 500001305
499999873 500001305
499999874 500001305
499999875 500001305
499999876 500001305
499999877 500001305
499999878 500001305
499999879 500001305
499999880 500001305
499999881 500001305
499999882 500001305
499999883 500001305
499999884 500001305
499999885 500001305
499999886 500001305
499999887 500001305
499999888 500001305
499999889 500001305
499999890 500001305
499999891 500001305
499999892 500001305
499999893 500001305
499999894 500001305
499999895 500001305
499999896 500001305
499999897 500001305
499999898 500001305
499999899 500001305
499999900 500001305
499999901 500001305
499999902 500001305
499999903 500001305
499999904 500001305
499999905 500001305
499999906 500001305
499999907 500001305
499999908 500001305
499999909 500001305
499999910 500001305
499999911 500001305
499999912 500001305
499999913 500001305
499999914 500001305
499999915 500001305
499999916 500001305
499999917 500001305
499999918 500001305
499999919 500001305
499999920 500001305
499999921 500001305
499999922 500001305
499999923 500001305
499999924 500001305
499999925 500001305
499999926 500001305
499999927 500001305
499999928 500001305
499999929 500001305
499999930 500001305
499999931 500001305
499999932 500001305
499999933 500001305
499999934 500001305
499999935 500001305
499999936 500001305
499999937 500001305
499999938 500001305
499999939 500001305
499999940 500001305
499999941 500001305
499999942 500001305
499999943 500001305
499999944 500001305
499999945 500001305
499999946 500001305
499999947 500001305
499999948 500001305
499999949 500001305
499999950 500001305
499999951 500001305
499999952 500001305
499999953 500001305
499999954 500001305
499999955 500001305
499999956 500001305
499999957 500001305
499999958 500001305
499999959 500001305
499999960 500001305
499999961 500001305
499999962 500001305
499999963 500001305
499999964 500001305
499999965 500001305
499999966 500001305
499999967 500001305
499999968 500001305
499999969 500001305
499999970 500001305
499999971 500001305
499999972 500001305
499999973 500001305
499999974 500001305
499999975 500001305
499999976 500001305
499999977 500001305
499999978 500001305
499999979 500001305
499999980 500001305
499999981 500001305
499999982 500001305
499999983 500001305
499999984 500001305
499999985 500001305
499999986 500001305
499999987 500001305
499999988 500001305
499999989 500001305
499999990 500001305
499999991 500001305
499999992 500001305
499999993 500001305
499999994 500001305
499999995 500001305
499999996 500001305
499999997 500001305
499999998 500001305
499999999 500001305
500000000 500001305
500000001 500001305
500000002 500001305
500000003 500001305
500000004 500001305
500000005 500001305
500000006 500001305
500000007 500001305
500000008 500001305
500000009 500001305
500000010 500001305
500000011 500001305
500000012 500001305
500000013 500001305
500000014 500001305
500000015 500001305
500000016 500001305
500000017 500001305
500000018 500001305
500000019 500001305
500000020 500001305
500000021 500001305
500000022 500001305
500000023 500001305
500000024 500001305
500000025 500001305
500000026 500001305
500000027 500001305
500000028 500001305
500000029 500001305
500000030 500001305
500000031 500001305
500000032 500001305
500000033 500001305
500000034 500001305
500000035 500001305
500000036 500001305
500000037 500001305
500000038 500001305
500000039 500001305
500000040 500001305
500000041 500001305
500000042 500001305
500000043 500001305
500000044 500001305
500000045 500001305
500000046 500001305
500000047 500001305
500000048 500001305
500000049 500001305
500000050 500001305
500000051 500001305
500000052 500001305
500000053 500001305
500000054 500001305
500000055 500001305
500000056 500001305
500000057 500001305
500000058 500001305
500000059 500001305
500000060 500001305
500000061 500001305
500000062 500001305
500000063 500001305
500000064 500001305
500000065 500001305
500000066 500001305
500000067 500001305
500000068 500001305
500000069 500001305
500000070 500001305
500000071 500001305
500000072 500001305
500000073 500001305
500000074 500001305
500000075 500001305
500000076 500001305
500000077 500001305
500000078 500001305
500000079 500001305
500000080 500001305
500000081 500001305
500000082 500001305
500000083 500001305
500000084 500001305
500000085 500001305
500000086 500001305
500000087 500001305
500000088 500001305
500000089 500001305
500000090 500001305
500000091 500001305
500000092 500001305
500000093 500001305
500000094 500001305
500000095 500001305
500000096 500001305
500000097 500001305
500000098 500001305
500000099 500001305
500000100 500001305
500000101 500001305
500000102 500001305
500000103 500001305
500000104 500001305
500000105 500001305
500000106 500001305
500000107 500001305
500000108 500001305
500000109 500001305
500000110 500001305
500000111 500001305
500000112 500001305
500000113 500001305
500000114 500001305
500000115 500001305
500000116 500001305
500000117 500001305
500000118 500001305
500000119 500001305
500000120 500001305
500000121 500001305
500000122 500001305
500000123 500001305
500000124 500001305
500000125 500001305
500000126 500001305
500000127 500001305
500000128 500001305
500000129 500001305
500000130 500001305
500000131 500001305
500000132 500001305
500000133 500001305
500000134 500001305
500000135 500001305
500000136 500001305
500000137 500001305
500000138 500001305
500000139 500001305
500000140 500001305
500000141 500001305
500000142 500001305
500000143 500001305
500000144 500001305
500000145 500001305
500000146 500001305
500000147 500001305
500000148 500001305
500000149 500001305
500000150 500001305
500000151 500001305
500000152 500001305
500000153 500001305
500000154 500001305
500000155 500001305
500000156 500001305
500000157 500001305
500000158 500001305
500000159 500001305
500000160 500001305
500000161 500001305
500000162 500001305
500000163 500001305
500000164 500001305
500000165 500001305
500000166 500001305
500000167 500001305
500000168 500001305
500000169 500001305
500000170 500001305
500000171 500001305
500000172 500001305
500000173 500001305
500000174 500001305
500000175 500001305
500000176 500001305
500000177 500001305
500000178 500001305
500000179 500001305
500000180 500001305
500000181 500001305
500000182 500001305
500000183 500001305
500000184 500001305
500000185 500001305
500000186 500001305
500000187 500001305
500000188 500001305
500000189 500001305
500000190 500001305
500000191 500001305
500000192 500001305
500000193 500001305
500000194 500001305
500000195 500001305
500000196 500001305
500000197 500001305
500000198 500001305
500000199 500001305
500000200 500001305
500000201 500001305
500000202 500001305
500000203 500001305
500000204 500001305
500000205 500001305
500000206 500001305
500000207 500001305
500000208 500001305
500000209 500001305
500000210 500001305
500000211 500001305
500000212 500001305
500000213 500001305
500000214 500001305
500000215 500001305
500000216 500001305
500000217 500001305
500000218 500001305
500000219 500001305
500000220 500001305
500000221 500001305
500000222 500001305
500000223 500001305
500000224 500001305
500000225 500001305
500000226 500001305
500000227 500001305
500000228 500001305
500000229 500001305
500000230 500001305
500000231 500001305
500000232 500001305
500000233 500001305
500000234 500001305
500000235 500001305
500000236 500001305
500000237 500001305
500000238 500001305
500000239 500001305
500000240 500001305
500000241 500001305
500000242 500001305
500000243 500001305
500000244 500001305
500000245 500001305
500000246 500001305
500000247 500001305
500000248 500001305
500000249 500001305
500000250 500001305
500000251 500001305
500000252 500001305
500000253 500001305
500000254 500001305
500000255 500001305
500000256 500001305
500000257 500001305
500000258 500001305
500000259 500001305
500000260 500001305
500000261 500001305
500000262 500001305
500000263 500001305
500000264 500001305
500000265 500001305
500000266 500001305
500000267 500001305
500000268 500001305
500000269 500001305
500000270 500001305
500000271 500001305
500000272 500001305
500000273 500001305
500000274 500001305
500000275 500001305
500000276 500001305
500000277 500001305
500000278 500001305
500000279 500001305
500000280 500001305
500000281 500001305
500000282 500001305
500000283 500001305
500000284 500001305
500000285 500001305
500000286 500001305
500000287 500001305
500000288 500001305
500000289 500001305
500000290 500001305
500000291 500001305
500000292 500001305
500000293 500001305
500000294 500001305
500000295 500001305
500000296 500001305
500000297 500001305
500000298 500001305
500000299 500001305
500000300 500001305
500000301 500001305
500000302 500001305
500000303 500001305
500000304 500001305
500000305 500001305
500000306 500001305
500000307 500001305
500000308 500001305
500000309 500001305
500000310 500001305
500000311 500001305
500000312 500001305
500000313 500001305
500000314 500001305
500000315 500001305
500000316 500001305
500000317 500001305
500000318 500001305
500000319 500001305
500000320 500001305
500000321 500001305
500000322 500001305
500000323 500001305
500000324 500001305
500000325 500001305
500000326 500001305
500000327 500001305
500000328 500001305
500000329 500001305
500000330 500001305
500000331 500001305
500000332 500001305
500000333 500001305
500000334 500001305
500000335 500001305
500000336 500001305
500000337 500001305
500000338 500001305
500000339 500001305
500000340 500001305
500000341 500001305
500000342 500001305
500000343 500001305
500000344 500001305
500000345 500001305
500000346 500001305
500000347 500001305
500000348 500001305
500000349 500001305
500000350 500001305
500000351 500001305
500000352 500001305
500000353 500001305
500000354 500001305
500000355 500001305
500000356 500001305
500000357 500001305
500000358 500001305
500000359 500001305
500000360 500001305
500000361 500001305
500000362 500001305
500000363 500001305
500000364 500001305
500000365 500001305
500000366 500001305
500000367 500001305
500000368 500001305
500000369 500001305
500000370 500001305
500000371 500001305
500000372 500001305
500000373 500001305
500000374 500001305
500000375 500001305
500000376 500001305
500000377 500001305
500000378 500001305
500000379 500001305
500000380 500001305
500000381 500001305
500000382 500001305
500000383 500001305
500000384 500001305
500000385 500001305
500000386 500001305
500000387 500001305
500000388 500001305
500000389 500001305
500000390 500001305
500000391 500001305
500000392 500001305
500000393 500001305
500000394 500001305
500000395 500001305
500000396 500001305
500000397 500001305
500000398 500001305
500000399 500001305
500000400 500001305
500000401 500001305
500000402 500001305
500000403 500001305
500000404 500001305
500000405 500001305
500000406 500001305
500000407 500001305
500000408 500001305
500000409 500001305
500000410 500001305
500000411 500001305
500000412 500001305
500000413 500001305
500000414 500001305
500000415 500001305
500000416 500001305
500000417 500001305
500000418 500001305
500000419 500001305
500000420 500001305
500000421 500001305
500000422 500001305
500000423 500001305
500000424 500001305
500000425 500001305
500000426 500001305
500000427 500001305
500000428 500001305
500000429 500001305
500000430 500001305
500000431 500001305
500000432 500001305
500000433 500001305
500000434 500001305
500000435 500001305
500000436 500001305
500000437 500001305
500000438 500001305
500000439 500001305
500000440 500001305
500000441 500001305
500000442 500001305
500000443 500001305
500000444 500001305
500000445 500001305
500000446 500001305
500000447 500001305
500000448 500001305
500000449 500001305
500000450 500001305
500000451 500001305
500000452 500001305
500000453 500001305
500000454 500001305
500000455 500001305
500000456 500001305
500000457 500001305
500000458 500001305
500000459 500001305
500000460 500001305
500000461 500001305
500000462 500001305
500000463 500001305
500000464 500001305
500000465 500001305
500000466 500001305
500000467 500001305
500000468 500001305
500000469 500001305
500000470 500001305
500000471 500001305
500000472 500001305
500000473 500001305
500000474 500001305
500000475 500001305
500000476 500001305
500000477 500001305
500000478 500001305
500000479 500001305
500000480 500001305
500000481 500001305
500000482 500001305
500000483 500001305
500000484 500001305
500000485 500001305
500000486 500001305
500000487 500001305
500000488 500001305
500000489 500001305
500000490 500001305
500000491 500001305
500000492 500001305
500000493 500001305
500000494 500001305
500000495 500001305
500000496 500001305
500000497 500001305
500000498 500001305
500000499 500001305
500000500 500001305
500000501 500001305
500000502 500001305
500000503 500001305
500000504 500001305
500000505 500001305
500000506 500001305
500000507 500001305
500000508 500001305
500000509 500001305
500000510 500001305
500000511 500001305
500000512 500001305
500000513 500001305
500000514 500001305
500000515 500001305
500000516 500001305
500000517 500001305
500000518 500001305
500000519 500001305
500000520 500001305
500000521 500001305
500000522 500001305
500000523 500001305
500000524 500001305
500000525 500001305
500000526 500001305
500000527 500001305
500000528 500001305
500000529 500001305
500000530 500001305
500000531 500001305
500000532 500001305
500000533 500001305
500000534 500001305
500000535 500001305
500000536 500001305
500000537 500001305
500000538 500001305
500000539 500001305
500000540 500001305
500000541 500001305
500000542 500001305
500000543 500001305
500000544 500001305
500000545 500001305
500000546 500001305
500000547 500001305
500000548 500001305
500000549 500001305
500000550 500001305
500000551 500001305
500000552 500001305
500000553 500001305
500000554 500001305
500000555 500001305
500000556 500001305
500000557 500001305
500000558 500001305
500000559 500001305
500000560 500001305
500000561 500001305
500000562 500001305
500000563 500001305
500000564 500001305
500000565 500001305
500000566 500001305
500000567 500001305
500000568 500001305
500000569 500001305
500000570 500001305
500000571 500001305
500000572 500001305
500000573 500001305
500000574 500001305
500000575 500001305
500000576 500001305
500000577 500001305
500000578 500001305
500000579 500001305
500000580 500001305
500000581 500001305
500000582 500001305
500000583 500001305
500000584 500001305
500000585 500001305
500000586 500001305
500000587 500001305
500000588 500001305
500000589 500001305
500000590 500001305
500000591 500001305
500000592 500001305
500000593 500001305
500000594 500001305
500000595 500001305
500000596 500001305
500000597 500001305
500000598 500001305
500000599 500001305
500000600 500001305
500000601 500001305
500000602 500001305
500000603 500001305
500000604 500001305
500000605 500001305
500000606 500001305
500000607 500001305
500000608 500001305
500000609 500001305
500000610 500001305
500000611 500001305
500000612 500001305
500000613 500001305
500000614 500001305
500000615 500001305
500000616 500001305
500000617 500001305
500000618 500001305
500000619 500001305
500000620 500001305
500000621 500001305
500000622 500001305
500000623 500001305
500000624 500001305
500000625 500001305
500000626 500001305
500000627 500001305
500000628 500001305
500000629 500001305
500000630 500001305
500000631 500001305
500000632 500001305
500000633 500001305
500000634 500001305
500000635 500001305
500000636 500001305
500000637 500001305
500000638 500001305
500000639 500001305
500000640 500001305
500000641 500001305
500000642 500001305
500000643 500001305
500000644 500001305
500000645 500001305
500000646 500001305
500000647 500001305
500000648 500001305
500000649 500001305
500000650 500001305
500000651 500001305
500000652 500001305
500000653 500001305
500000654 500001305
500000655 500001305
500000656 500001305
500000657 500001305
500000658 500001305
500000659 500001305
500000660 500001305
500000661 500001305
500000662 500001305
500000663 500001305
500000664 500001305
500000665 500001305
500000666 500001305
500000667 500001305
500000668 500001305
500000669 500001305
500000670 500001305
500000671 500001305
500000672 500001305
500000673 500001305
500000674 500001305
500000675 500001305
500000676 500001305
500000677 500001305
500000678 500001305
500000679 500001305
500000680 500001305
500000681 500001305
500000682 500001305
500000683 500001305
500000684 500001305
500000685 500001305
500000686 500001305
500000687 500001305
500000688 500001305
500000689 500001305
500000690 500001305
500000691 500001305
500000692 500001305
500000693 500001305
500000694 500001305
500000695 500001305
500000696 500001305
500000697 500001305
500000698 500001305
500000699 500001305
500000700 500001305
500000701 500001305
500000702 500001305
500000703 500001305
500000704 500001305
500000705 500001305
500000706 500001305
500000707 500001305
500000708 500001305
500000709 500001305
500000710 500001305
500000711 500001305
500000712 500001305
500000713 500001305
500000714 500001305
500000715 500001305
500000716 500001305
500000717 500001305
500000718 500001305
500000719 500001305
500000720 500001305
500000721 500001305
500000722 500001305
500000723 500001305
500000724 500001305
500000725 500001305
500000726 500001305
500000727 500001305
500000728 500001305
500000729 500001305
500000730 500001305
500000731 500001305
500000732 500001305
500000733 500001305
500000734 500001305
500000735 500001305
500000736 500001305
500000737 500001305
500000738 500001305
500000739 500001305
500000740 500001305
500000741 500001305
500000742 500001305
500000743 500001305
500000744 500001305
500000745 500001305
500000746 500001305
500000747 500001305
500000748 500001305
500000749 500001305
500000750 500001305
500000751 500001305
500000752 500001305
500000753 500001305
500000754 500001305
500000755 500001305
500000756 500001305
500000757 500001305
500000758 500001305
500000759 500001305
500000760 500001305
500000761 500001305
500000762 500001305
500000763 500001305
500000764 500001305
500000765 500001305
500000766 500001305
500000767 500001305
500000768 500001305
500000769 500001305
500000770 500001305
500000771 500001305
500000772 500001305
500000773 500001305
500000774 500001305
500000775 500001305
500000776 500001305
500000777 500001305
500000778 500001305
500000779 500001305
500000780 500001305
500000781 500001305
500000782 500001305
500000783 500001305
500000784 500001305
500000785 500001305
500000786 500001305
500000787 500001305
500000788 500001305
500000789 500001305
500000790 500001305
500000791 500001305
500000792 500001305
500000793 500001305
500000794 500001305
500000795 500001305
500000796 500001305
500000797 500001305
500000798 500001305
500000799 500001305
500000800 500001305
500000801 500001305
500000802 500001305
500000803 500001305
500000804 500001305
500000805 500001305
500000806 500001305
500000807 500001305
500000808 500001305
500000809 500001305
500000810 500001305
500000811 500001305
500000812 500001305
500000813 500001305
500000814 500001305
500000815 500001305
500000816 500001305
500000817 500001305
500000818 500001305
500000819 500001305
500000820 500001305
500000821 500001305
500000822 500001305
500000823 500001305
500000824 500001305
500000825 500001305
500000826 500001305
500000827 500001305
500000828 500001305
500000829 500001305
500000830 500001305
500000831 500001305
500000832 500001305
500000833 500001305
500000834 500001305
500000835 500001305
500000836 500001305
500000837 500001305
500000838 500001305
500000839 500001305
500000840 500001305
500000841 500001305
500000842 500001305
500000843 500001305
500000844 500001305
500000845 500001305
500000846 500001305
500000847 500001305
500000848 500001305
500000849 500001305
500000850 500001305
500000851 500001305
500000852 500001305
500000853 500001305
500000854 500001305
500000855 500001305
500000856 500001305
500000857 500001305
500000858 500001305
500000859 500001305
500000860 500001305
500000861 500001305
500000862 500001305
500000863 500001305
500000864 500001305
500000865 500001305
500000866 500001305
500000867 500001305
500000868 500001305
500000869 500001305
500000870 500001305
500000871 500001305
500000872 500001305
500000873 500001305
500000874 500001305
500000875 500001305
500000876 500001305
500000877 500001305
500000878 500001305
500000879 500001305
500000880 500001305
500000881 500001305
500000882 500001305
500000883 500001305
500000884 500001305
500000885 500001305
500000886 500001305
500000887 500001305
500000888 500001305
500000889 500001305
500000890 500001305
500000891 500001305
500000892 500001305
500000893 500001305
500000894 500001305
500000895 500001305
500000896 500001305
500000897 500001305
500000898 500001305
500000899 500001305
500000900 500001305
500000901 500001305
500000902 500001305
500000903 500001305
500000904 500001305
500000905 500001305
500000906 500001305
500000907 500001305
500000908 500001305
500000909 500001305
500000910 500001305
500000911 500001305
500000912 500001305
500000913 500001305
500000914 500001305
500000915 500001305
500000916 500001305
500000917 500001305
500000918 500001305
500000919 500001305
500000920 500001305
500000921 500001305
500000922 500001305
500000923 500001305
500000924 500001305
500000925 500001305
500000926 500001305
500000927 500001305
500000928 500001305
500000929 500001305
500000930 500001305
500000931 500001305
500000932 500001305
500000933 500001305
500000934 500001305
500000935 500001305
500000936 500001305
500000937 500001305
500000938 500001305
500000939 500001305
500000940 500001305
500000941 500001305
500000942 500001305
500000943 500001305
500000944 500001305
500000945 500001305
500000946 500001305
500000947 500001305
500000948 500001305
500000949 500001305
500000950 500001305
500000951 500001305
500000952 500001305
500000953 500001305
500000954 500001305
500000955 500001305
500000956 500001305
500000957 500001305
500000958 500001305
500000959 500001305
500000960 500001305
500000961 500001305
500000962 500001305
500000963 500001305
500000964 500001305
500000965 500001305
500000966 500001305
500000967 500001305
500000968 500001305
500000969 500001305
500000970 500001305
500000971 500001305
500000972 500001305
500000973 500001305
500000974 500001305
500000975 500001305
500000976 500001305
500000977 500001305
500000978 500001305
500000979 500001305
500000980 500001305
500000981 500001305
500000982 500001305
500000983 500001305
500000984 500001305
500000985 500001305
500000986 500001305
500000987 500001305
500000988 500001305
500000989 500001305
500000990 500001305
500000991 500001305
500000992 500001305
500000993 500001305
500000994 500001305
500000995 500001305
500000996 500001305
500000997 500001305
500000998 500001305
500000999 500001305
500001000 500001305
500001001 500001305
500001002 500001305
500001003 500001305
500001004 500001305
500001005 500001305
500001006 500001305
500001007 500001305
500001008 500001305
500001009 500001305
500001010 500001305
500001011 500001305
500001012 500001305
500001013 500001305
500001014 500001305
500001015 500001305
500001016 500001305
500001017 500001305
500001018 500001305
500001019 500001305
500001020 500001305
500001021 500001305
500001022 500001305
500001023 500001305
500001024 500001305
500001025 500001305
500001026 500001305
500001027 500001305
500001028 500001305
500001029 500001305
500001030 500001305
500001031 500001305
500001032 500001305
500001033 500001305
500001034 500001305
500001035 500001305
500001036 500001305
500001037 500001305
500001038 500001305
500001039 500001305
500001040 500001305
500001041 500001305
500001042 500001305
500001043 500001305
500001044 500001305
500001045 500001305
500001046 500001305
500001047 500001305
500001048 500001305
500001049 500001305
500001050 500001305
500001051 500001305
500001052 500001305
500001053 500001305
500001054 500001305
500001055 500001305
500001056 500001305
500001057 500001305
500001058 500001305
500001059 500001305
500001060 500001305
500001061 500001305
500001062 500001305
500001063 500001305
500001064 500001305
500001065 500001305
500001066 500001305
500001067 500001305
500001068 500001305
500001069 500001305
500001070 500001305
500001071 500001305
500001072 500001305
500001073 500001305
500001074 500001305
500001075 500001305
500001076 500001305
500001077 500001305
500001078 500001305
500001079 500001305
500001080 500001305
500001081 500001305
500001082 500001305
500001083 500001305
500001084 500001305
500001085 500001305
500001086 500001305
500001087 500001305
500001088 500001305
500001089 500001305
500001090 500001305
500001091 500001305
500001092 500001305
500001093 500001305
500001094 500001305
500001095 500001305
500001096 500001305
500001097 500001305
500001098 500001305
500001099 500001305
500001100 500001305
500001101 500001305
500001102 500001305
500001103 500001305
500001104 500001305
500001105 500001305
500001106 500001305
500001107 500001305
500001108 500001305
500001109 500001305
500001110 500001305
500001111 500001305
500001112 500001305
500001113 500001305
500001114 500001305
500001115 500001305
500001116 500001305
500001117 500001305
500001118 500001305
500001119 500001305
500001120 500001305
500001121 500001305
500001122 500001305
500001123 500001305
500001124 500001305
500001125 500001305
500001126 500001305
500001127 500001305
500001128 500001305
500001129 500001305
500001130 500001305
500001131 500001305
500001132 500001305
500001133 500001305
500001134 500001305
500001135 500001305
500001136 500001305
500001137 500001305
500001138 500001305
500001139 500001305
500001140 500001305
500001141 500001305
500001142 500001305
500001143 500001305
500001144 500001305
500001145 500001305
500001146 500001305
500001147 500001305
500001148 500001305
500001149 500001305
500001150 500001305
500001151 500001305
500001152 500001305
500001153 500001305
500001154 500001305
500001155 500001305
500001156 500001305
500001157 500001305
500001158 500001305
500001159 500001305
500001160 500001305
500001161 500001305
500001162 500001305
500001163 500001305
500001164 500001305
500001165 500001305
500001166 500001305
500001167 500001305
500001168 500001305
500001169 500001305
500001170 500001305
500001171 500001305
500001172 500001305
500001173 500001305
500001174 500001305
500001175 500001305
500001176 500001305
500001177 500001305
500001178 500001305
500001179 500001305
500001180 500001305
500001181 500001305
500001182 500001305
500001183 500001305
500001184 500001305
500001185 500001305
500001186 500001305
500001187 500001305
500001188 500001305
500001189 500001305
500001190 500001305
500001191 500001305
500001192 500001305
500001193 500001305
500001194 500001305
500001195 500001305
500001196 500001305
500001197 500001305
500001198 500001305
500001199 500001305
500001200 500001305
500001201 500001305
500001202 500001305
500001203 500001305
500001204 500001305
500001205 500001305
500001206 500001305
500001207 500001305
500001208 500001305
500001209 500001305
500001210 500001305
500001211 500001305
500001212 500001305
500001213 500001305
500001214 500001305
500001215 500001305
500001216 500001305
500001217 500001305
500001218 500001305
500001219 500001305
500001220 500001305
500001221 500001305
500001222 500001305
500001223 500001305
500001224 500001305
500001225 500001305
500001226 500001305
500001227 500001305
500001228 500001305
500001229 500001305
500001230 500001305
500001231 500001305
500001232 500001305
500001233 500001305
500001234 500001305
500001235 500001305
500001236 500001305
500001237 500001305
500001238 500001305
500001239 500001305
500001240 500001305
500001241 500001305
500001242 500001305
500001243 500001305
500001244 500001305
500001245 500001305
500001246 500001305
500001247 500001305
500001248 500001305
500001249 500001305
500001250 500001305
500001251 500001305
500001252 500001305
500001253 500001305
500001254 500001305
500001255 500001305
500001256 500001305
500001257 500001305
500001258 500001305
500001259 500001305
500001260 500001305
500001261 500001305
500001262 500001305
500001263 500001305
500001264 500001305
500001265 500001305
500001266 500001305
500001267 500001305
500001268 500001305
500001269 500001305
500001270 500001305
500001271 500001305
500001272 500001305
500001273 500001305
500001274 500001305
500001275 500001305
500001276 500001305
500001277 500001305
500001278 500001305
500001279 500001305
500001280 500001305
500001281 500001305
500001282 500001305
500001283 500001305
500001284 500001305
500001285 500001305
500001286 500001305
500001287 500001305
500001288 500001305
500001289 500001305
500001290 500001305
500001291 500001305
500001292 500001305
500001293 500001305
500001294 500001305
500001295 500001305
500001296 500001305
500001297 500001305
500001298 500001305
500001299 500001305
500001300 500001305
500001301 500001305
500001302 500001305
500001303 500001305
500001304 500001305
500001305 500001305
883689327 169599431
